X1	Y1	ProbId1	
1512	353.09	NaN
1513	351.05	NaN
1512	353.01	NaN
1511	354.59	NaN
1509	357.75	NaN
1508.8	358.06	NaN
1508.9	357.57	NaN
1505.3	363.88	NaN
1508.5	358.6	NaN
1505.3	363.91	NaN
1507.3	360.67	NaN
1508.6	358.48	NaN
1511.6	353.7	NaN
1513	351.27	NaN
1511.5	354.18	NaN
1511	354.96	NaN
1509.9	356.71	NaN
1510.4	355.75	NaN
1509.1	357.62	NaN
1506.7	361.42	NaN
1508.4	358.96	NaN
1507.4	360.54	NaN
1508.8	358.32	NaN
1508.2	359.24	NaN
1511.6	353.89	NaN
1511.5	354.06	NaN
1511	354.83	NaN
1511.6	353.85	NaN
1508.4	358.63	NaN
1507.9	359.37	NaN
1507.9	359.1	NaN
1505.7	362.7	NaN
1506.2	362	NaN
1509.3	357.39	NaN
1507.3	360.51	NaN
1508.2	359.28	NaN
1510.1	356.02	NaN
1511.8	353.41	NaN
1511.7	353.73	NaN
1511	355.41	NaN
1510.8	356.51	NaN
1513.5	353	NaN
1511.7	356.7	NaN
1508.7	361.19	NaN
1512.4	356.5	NaN
1513.5	355.78	NaN
1514.9	355.26	NaN
1509.8	359.31	NaN
1507.8	359.19	NaN
1502.4	362.77	NaN
1489.5	366.38	NaN
1484.9	366.77	NaN
1484.2	366.06	NaN
1484.1	366.53	NaN
1472.6	370.05	NaN
1470.2	373.15	NaN
1472.6	375.15	NaN
1471.8	378.13	NaN
1466.5	382.68	NaN
1458.9	388.52	NaN
1451.3	394.81	NaN
1444.8	401.82	NaN
1439.2	407.7	NaN
1434.8	413.16	NaN
1426.3	421.51	NaN
1414.3	432.16	NaN
1409.8	436.02	NaN
1402.6	442.14	NaN
1396.3	447.1	NaN
1397.5	447.87	NaN
1387.5	455.14	NaN
1385.1	457.88	NaN
1375.4	464.17	NaN
1376.5	465.27	NaN
1366.7	471.29	NaN
1361.9	474.79	NaN
1355.1	479.07	NaN
1345.2	484.53	NaN
1335.9	489.36	NaN
1334	490.69	NaN
1325.7	495.11	NaN
1320	498.24	NaN
1319.6	499	NaN
1312.1	502.51	NaN
1309.7	503.93	NaN
1303.3	506.64	NaN
1297.9	508.93	NaN
1288.5	512.14	NaN
1284.3	513.84	NaN
1276.1	516.42	NaN
1275.7	517.12	NaN
1265.6	520.02	NaN
1261.1	521.44	NaN
1252	523.88	NaN
1250.4	524.27	NaN
1247.9	525.09	NaN
1245.3	525.7	NaN
1240.5	526.76	NaN
1232.8	528.21	NaN
1221.8	529.95	NaN
1219.6	530.06	NaN
1216.9	530.32	NaN
1212.6	530.95	NaN
1205.7	531.89	NaN
1207.5	531.24	NaN
1204.2	531.7	NaN
1198.7	532.31	NaN
1190.8	533.47	NaN
1190.7	533.08	NaN
1182.5	533.94	NaN
1177.9	534.02	NaN
1170.1	534.81	NaN
1168.1	534.18	NaN
1168.3	533.22	NaN
1159.1	534.06	NaN
1156	533.64	NaN
1153.9	533.16	NaN
1143.4	534.62	NaN
1141.6	533.89	NaN
1143.4	532.32	NaN
1143.3	531.47	NaN
1135.9	531.66	NaN
1134.5	530.8	NaN
1128	530.88	NaN
1122.9	530.86	NaN
1119.4	530.33	NaN
1117.3	529.48	NaN
1101	532.62	NaN
1103	530.38	NaN
1100.6	529.87	NaN
1107.7	526.41	NaN
1106.9	525.26	NaN
1106.6	523.94	NaN
1105.8	522.68	NaN
1099.1	523.36	NaN
1090.9	524.65	NaN
1085.4	525.08	NaN
1083.6	524.37	NaN
1082.2	523.31	NaN
1083.5	521.37	NaN
1074.8	523.57	NaN
1074.7	522.64	NaN
1076.8	520.82	NaN
1080.6	518.37	NaN
1083.7	515.96	NaN
1081.9	515.57	NaN
1076.8	516.49	NaN
1071.9	517.28	NaN
1068.5	517.77	NaN
1061.4	519.62	NaN
1062	518.59	NaN
1064.9	516.2	NaN
1052.6	520.44	NaN
1056.2	518.69	NaN
1060	516.55	NaN
1067.5	512.5	NaN
1071.4	509.63	NaN
1065.5	511.24	NaN
1065.4	511.13	NaN
1061.7	514.22	NaN
1058.5	518.84	NaN
1054.3	523.74	NaN
1051.7	526.55	NaN
1050.6	526.44	NaN
1051.6	525	NaN
1049.3	526.94	NaN
1044.5	531.27	NaN
1037.7	537.04	NaN
1030.7	542.52	NaN
1021.6	548.58	NaN
1013.4	554.02	NaN
999.7	561.63	NaN
986.51	567.97	NaN
970.51	575.65	NaN
956.72	582.65	NaN
948.48	587.02	NaN
944.26	589.32	NaN
940.59	591.36	NaN
935.59	593.73	NaN
931.42	595.66	NaN
930.94	594.82	NaN
913.42	604.63	NaN
907.13	607.42	NaN
895.38	613.23	NaN
885.05	617.95	NaN
873.83	622.08	NaN
871.66	623	NaN
859.04	627.87	NaN
852	630.49	NaN
842.61	634.07	NaN
837.29	635.99	NaN
835.73	636.73	NaN
831.38	638.32	NaN
823.07	640.82	NaN
810.25	644.7	NaN
798.6	647.81	NaN
790.46	650.05	NaN
789.18	650.4	NaN
783.79	651.92	NaN
774.97	654.26	NaN
774.56	654.44	NaN
771.13	655.6	NaN
766.46	657.18	NaN
761.65	658.7	NaN
758.39	659.84	NaN
745.33	663.39	NaN
740.72	664.57	NaN
739.81	664.58	NaN
730.58	666.86	NaN
722.92	668.61	NaN
716.49	670.44	NaN
714.4	670.88	NaN
708.64	672.45	NaN
707.92	672.73	NaN
703.64	674.01	NaN
698.21	675.31	NaN
692.28	676.81	NaN
686.6	678.22	NaN
684.6	678.43	NaN
672.47	681.33	NaN
662.5	683.59	NaN
652.28	685.96	NaN
646.28	687.49	NaN
644.69	687.87	NaN
639.44	688.85	NaN
639.06	689.15	NaN
636.1	689.75	NaN
625.31	692.44	NaN
620.8	693.65	NaN
612.73	694.98	NaN
620.73	692.79	NaN
605.68	696.39	NaN
599.84	697.52	NaN
596.92	697.72	NaN
587.68	699.78	NaN
588.44	699.18	NaN
582.39	700.65	NaN
578.71	701.62	NaN
580.77	701.28	NaN
585.07	700.52	NaN
NaN	NaN	NaN
574.71	702.7	NaN
560.32	705.01	NaN
556.32	705.76	NaN
550.72	706.59	NaN
549.19	707.06	NaN
545.06	707.66	NaN
546.21	707.38	NaN
544.83	707.72	NaN
537.92	709.2	NaN
535.44	709.8	NaN
NaN	NaN	NaN
NaN	NaN	NaN
NaN	NaN	NaN
NaN	NaN	NaN
508.49	714.42	NaN
511.49	713.79	NaN
510.1	714.26	NaN
507.37	714.06	NaN
508.23	713.98	NaN
503.39	714.09	NaN
504.64	714.08	NaN
496.7	715.52	NaN
497.18	715.69	NaN
NaN	NaN	NaN
NaN	NaN	NaN
485.33	717.33	NaN
482.32	717.83	NaN
475.96	718.73	NaN
472.13	719.3	NaN
451.46	722.66	NaN
447.56	723.97	NaN
442.98	724.73	NaN
460.99	721.12	NaN
457.01	721.56	NaN
452.06	722.89	NaN
456.28	722.31	NaN
446	723.71	NaN
452.69	721.68	NaN
453.96	720.97	NaN
448.6	722.03	NaN
424.1	726.13	NaN
440.59	723.04	NaN
416.26	727.25	NaN
428.67	725.14	NaN
422.47	726.48	NaN
420.61	726.37	NaN
421.81	726.31	NaN
NaN	NaN	NaN
NaN	NaN	NaN
411.87	727.58	NaN
405.07	728.36	NaN
400.53	728.85	NaN
399.2	728.74	NaN
389.61	729.8	NaN
386.18	730.09	NaN
395.06	729.04	NaN
402.39	727.67	NaN
395.46	729.37	NaN
392.5	729.84	NaN
NaN	NaN	NaN
NaN	NaN	NaN
384.28	730.63	NaN
382.99	730.24	NaN
381.47	730.31	NaN
381.52	729.99	NaN
378.84	730.55	NaN
375.54	731.27	NaN
376.8	730.44	NaN
373.77	730.84	NaN
375.03	730.46	NaN
369.15	731.64	NaN
NaN	NaN	NaN
NaN	NaN	NaN
364.74	731.65	NaN
357.7	733.03	NaN
357.09	732.81	NaN
351.83	733.77	NaN
354.88	732.85	NaN
350.45	733.34	NaN
352.82	732.85	NaN
350.41	733.31	NaN
348.87	733.49	NaN
347.74	733.54	NaN
NaN	NaN	NaN
NaN	NaN	NaN
343.44	733.39	NaN
342.22	733.45	NaN
340.1	733.43	NaN
335.62	734.01	NaN
337.19	733.8	NaN
336.11	733.96	NaN
330.94	734.44	NaN
332.35	734	NaN
NaN	NaN	NaN
NaN	NaN	NaN
NaN	NaN	NaN
NaN	NaN	NaN
NaN	NaN	NaN
NaN	NaN	NaN
322.12	734.46	NaN
320.63	734.57	NaN
321.21	734.2	NaN
319.12	734.04	NaN
317.29	734.57	NaN
316.48	734.67	NaN
NaN	NaN	NaN
NaN	NaN	NaN
NaN	NaN	NaN
NaN	NaN	NaN
NaN	NaN	NaN
NaN	NaN	NaN
307.62	734.84	NaN
308.14	734.52	NaN
304.69	734.9	NaN
305.11	734.63	NaN
300.23	735.26	NaN
296.43	735.86	NaN
299.6	735.34	NaN
NaN	NaN	NaN
NaN	NaN	NaN
NaN	NaN	NaN
298.92	734.54	NaN
293.18	735.4	NaN
290.5	735.72	NaN
290.16	735.56	NaN
288.65	735.58	NaN
287.57	735.66	NaN
285.56	735.95	NaN
285.98	735.54	NaN
285.2	735.65	NaN
287.1	735.44	NaN
284.99	735.52	NaN
286.2	735.14	NaN
282.12	735.5	NaN
281.75	735.33	NaN
278.67	735.56	NaN
275.62	735.7	NaN
274.68	735.64	NaN
273.93	735.66	NaN
273.06	735.8	NaN
272.44	735.52	NaN
273.75	735.48	NaN
NaN	NaN	NaN
273.77	735.41	NaN
270.62	735.59	NaN
269.85	735.46	NaN
268.03	735.69	NaN
264.29	735.94	NaN
262.91	736.04	NaN
260.04	736.25	NaN
259.98	735.82	NaN
257.75	736.22	NaN
259.7	735.66	NaN
258.46	735.82	NaN
260.97	735.58	NaN
260.85	735.6	NaN
259.91	735.41	NaN
255.18	735.94	NaN
254	735.81	NaN
251.78	736.01	NaN
249.68	736.11	NaN
249.08	736.08	NaN
248.44	735.91	NaN
247.37	735.99	NaN
245.68	736.26	NaN
244.15	736.28	NaN
247.1	735.83	NaN
247.6	735.71	NaN
249.84	735.38	NaN
247.05	735.19	NaN
246.27	735.12	NaN
242.21	735.55	NaN
240.83	735.59	NaN
238.81	735.82	NaN
239.21	735.49	NaN
239.36	735.29	NaN
242.32	734.78	NaN
242.94	734.8	NaN
246.44	734.27	NaN
250.18	733.87	NaN
245.44	734.17	NaN
240.03	734.68	NaN
231.17	735.61	NaN
229.76	735.58	NaN
229.4	735.45	NaN
229.11	735.4	NaN
228.33	735.2	NaN
226.32	735.39	NaN
225.49	735.7	NaN
228.73	735.17	NaN
234.39	734.43	NaN
234.05	734.39	NaN
236.88	733.86	NaN
232.03	734.18	NaN
223.03	735.15	NaN
221.69	735.12	NaN
219.63	735.28	NaN
218.62	735.15	NaN
219.5	734.89	NaN
221.36	734.62	NaN
217.57	735.13	NaN
221.18	734.65	NaN
222.74	734.32	NaN
225.03	733.96	NaN
228.09	733.45	NaN
218.19	734.54	NaN
220.38	734.09	NaN
215.53	734.59	NaN
214.95	734.49	NaN
213.33	734.55	NaN
214.52	734.16	NaN
220.73	733.27	NaN
217.57	733.76	NaN
223.33	732.92	NaN
221.95	732.99	NaN
221.66	732.92	NaN
218.68	732.98	NaN
215.04	733.19	NaN
213.15	733.09	NaN
208.34	733.22	NaN
206.44	732.96	NaN
206.21	732.76	NaN
209.06	732.33	NaN
210.62	732.03	NaN
209.58	731.66	NaN
205.44	732.04	NaN
204.55	731.96	NaN
211.09	731.37	NaN
208.6	731.3	NaN
207.07	730.89	NaN
202.82	731.01	NaN
202.54	730.18	NaN
201.53	729.88	NaN
199.56	729.84	NaN
196.72	729.75	NaN
196.04	729.51	NaN
197.89	728.96	NaN
200.08	728.9	NaN
201.8	729.17	NaN
200.22	728.87	NaN
194.56	728.22	NaN
194.99	727.91	NaN
189.89	727.29	NaN
191.42	727.2	NaN
188.83	726.76	NaN
188.17	726.57	NaN
189.93	726.45	NaN
190.78	726.24	NaN
188.82	725.87	NaN
188.04	725.93	NaN
192.68	726.2	NaN
198.33	726.56	NaN
190.23	725.69	NaN
186.68	725.21	NaN
187.79	724.92	NaN
188.32	724.74	NaN
184.8	724.18	NaN
182.15	723.78	NaN
180.07	723.28	NaN
185.4	723.76	NaN
178.69	723.16	NaN
185.3	723.68	NaN
186	723.8	NaN
185.3	723.5	NaN
184.67	723.06	NaN
179.66	722.46	NaN
177.39	722.04	NaN
177.32	721.69	NaN
175.37	721.34	NaN
176.12	721.24	NaN
174.32	721	NaN
177.11	720.99	NaN
181.26	721.36	NaN
182.09	721.47	NaN
178.91	721.45	NaN
179.66	721.64	NaN
178.61	721.28	NaN
174.89	720.35	NaN
175.72	720.23	NaN
166.03	719.21	NaN
166.6	719.16	NaN
171.54	719.51	NaN
173.08	719.58	NaN
170.02	719.39	NaN
163.8	718.65	NaN
168.99	719.29	NaN
172.51	719.61	NaN
170.49	719.28	NaN
170.73	719.12	NaN
165.42	718.41	NaN
160.26	717.82	NaN
159.56	717.4	NaN
160.63	717.26	NaN
161.61	717.23	NaN
162.8	717.44	NaN
162.42	717.33	NaN
170.91	718.35	NaN
166.01	717.76	NaN
168.5	718.17	NaN
173.75	718.81	NaN
169.54	718.02	NaN
166.17	717.27	NaN
167.73	717.38	NaN
165.76	717.19	NaN
163.24	716.7	NaN
160.72	716.32	NaN
164.85	716.53	NaN
169.94	717.11	NaN
172.31	717.42	NaN
175.3	717.89	NaN
172.72	717.72	NaN
172.71	717.62	NaN
169.18	716.98	NaN
174.42	717.5	NaN
164.51	716.27	NaN
