7	0	1	720.752	227.2	1
8	0	1	724.641	243.611	1
9	0	1	724.478	251.151	1
10	0	1	724.039	256.496	1
11	0	1	723.245	259.979	1
12	0	1	723.155	260.511	1
13	0	1	722.358	264.221	1
14	0	1	721.303	265.111	1
15	0	1	720.006	270.434	1
16	0	1	720.516	265.103	1
17	0	1	720.586	264.461	1
18	0	1	720.527	264.887	1
19	0	1	720.6	264.85	1
20	0	1	720.597	264.775	1
21	0	1	720.566	264.704	1
22	0	1	720.544	263.831	1
23	0	1	720.635	263.16	1
24	0	1	720.644	263.158	1
25	0	1	720.352	265.887	1
26	0	1	720.026	268.874	1
27	0	1	719.879	270.09	1
28	0	1	720.206	266.092	1
29	0	1	720.265	265.284	1
30	0	1	720.245	265.508	1
31	0	1	720.26	265.467	1
32	0	1	719.14	268.893	1
33	0	1	719.253	265.568	1
34	0	1	716.376	268.995	1
35	0	1	712.944	272.214	1
36	0	1	712.834	272.17	1
37	0	1	709.626	276.505	1
38	0	1	708.068	277.549	1
39	0	1	706.892	277.713	1
40	0	1	704.827	280.595	1
41	0	1	697.527	293.608	1
42	0	1	696.952	294.656	1
43	0	1	693.037	303.841	1
44	0	1	689.078	311.66	1
45	0	1	686.134	316.874	1
46	0	1	684.005	320.96	1
47	0	1	683.127	322.05	1
48	0	1	683.126	321.969	1
49	0	1	680.864	325.926	1
50	0	1	679.264	328.272	1
51	0	1	678.045	329.5	1
52	0	1	677.183	330.671	1
53	0	1	676.649	331.219	1
54	0	1	676.638	331.208	1
55	0	1	676.957	331.085	1
56	0	1	677.244	330.751	1
57	0	1	677.243	330.727	1
58	0	1	676.881	331.377	1
59	0	1	676.94	331.226	1
60	0	1	676.809	331.433	1
61	0	1	676.756	331.435	1
62	0	1	676.649	331.523	1
63	0	1	676.635	331.61	1
64	0	1	676.664	331.578	1
65	0	1	676.637	331.567	1
66	0	1	676.575	331.644	1
67	0	1	676.677	331.393	1
68	0	1	676.689	331.47	1
69	0	1	676.823	331.078	1
70	0	1	676.9	330.858	1
71	0	1	676.971	330.867	1
72	0	1	677	330.843	1
73	0	1	676.956	330.819	1
74	0	1	676.952	330.819	1
75	0	1	676.92	330.897	1
76	0	1	677.322	330.111	1
77	0	1	677.137	330.518	1
78	0	1	677.07	330.713	1
79	0	1	677.12	330.662	1
80	0	1	677.115	330.735	1
81	0	1	677.15	330.747	1
82	0	1	677.098	330.798	1
83	0	1	676.906	331.368	1
84	0	1	676.867	331.485	1
85	0	1	676.838	331.006	1
86	0	1	677.305	330.052	1
87	0	1	677.371	330.242	1
88	0	1	677.403	330.101	1
89	0	1	677.214	330.506	1
90	0	1	677.263	330.36	1
91	0	1	677.138	330.699	1
92	0	1	677.195	330.581	1
93	0	1	677.161	330.476	1
94	0	1	677.176	330.48	1
95	0	1	677.129	330.689	1
96	0	1	677.122	330.709	1
97	0	1	677.126	330.71	1
98	0	1	677.115	330.976	1
99	0	1	677.174	330.692	1
100	0	1	677.055	331.032	1
101	0	1	677.148	330.947	1
102	0	1	677.213	330.716	1
103	0	1	677.415	330.152	1
104	0	1	677.174	330.591	1
105	0	1	677.301	330.225	1
106	0	1	676.986	330.602	1
107	0	1	676.768	330.977	1
108	0	1	676.775	330.972	1
109	0	1	676.613	331.506	1
110	0	1	676.611	331.31	1
111	0	1	676.773	331.193	1
112	0	1	676.762	331.331	1
113	0	1	677.127	330.413	1
114	0	1	677.189	330.287	1
115	0	1	677.116	330.584	1
116	0	1	677.276	330.325	1
117	0	1	677.24	330.424	1
118	0	1	677.28	330.446	1
119	0	1	677.199	330.741	1
120	0	1	677.261	330.598	1
121	0	1	677.458	330.263	1
122	0	1	677.43	330.268	1
123	0	1	677.251	330.661	1
124	0	1	677.002	331.067	1
125	0	1	677.048	331.051	1
126	0	1	677.067	331.029	1
127	0	1	677.087	331.086	1
128	0	1	677.006	331.207	1
129	0	1	677.123	331.033	1
130	0	1	676.984	331.165	1
131	0	1	676.979	331.097	1
132	0	1	677.086	330.862	1
133	0	1	677.004	330.965	1
134	0	1	677.023	330.954	1
135	0	1	677.069	330.891	1
136	0	1	677.075	330.836	1
137	0	1	677.136	330.771	1
138	0	1	676.776	331.553	1
139	0	1	677.167	330.717	1
140	0	1	676.942	331.185	1
141	0	1	677.231	330.765	1
142	0	1	676.767	331.783	1
143	0	1	677.184	330.865	1
144	0	1	677.268	330.686	1
145	0	1	677.407	330.634	1
146	0	1	677.087	330.942	1
147	0	1	677.026	331.044	1
148	0	1	676.968	331.176	1
149	0	1	676.971	331.06	1
150	0	1	677.234	330.64	1
151	0	1	677.301	330.497	1
152	0	1	677.096	330.911	1
153	0	1	677.01	330.929	1
154	0	1	677.175	330.607	1
155	0	1	677.068	330.931	1
156	0	1	676.959	331.155	1
157	0	1	677.072	330.8	1
158	0	1	677.115	330.867	1
159	0	1	677.129	330.903	1
160	0	1	677.179	330.889	1
161	0	1	677.102	331	1
162	0	1	677.074	330.964	1
163	0	1	677.265	330.738	1
164	0	1	677.386	330.496	1
165	0	1	677.375	330.463	1
166	0	1	677.293	330.667	1
167	0	1	677.404	330.473	1
168	0	1	677.387	330.478	1
169	0	1	677.325	330.581	1
170	0	1	677.456	330.369	1
171	0	1	677.302	330.602	1
172	0	1	676.964	331.09	1
173	0	1	676.907	331.165	1
174	0	1	676.922	331.144	1
175	0	1	676.98	330.931	1
176	0	1	676.84	331.384	1
177	0	1	676.849	331.57	1
178	0	1	676.794	331.714	1
179	0	1	676.783	331.72	1
180	0	1	676.787	331.71	1
181	0	1	677.264	330.711	1
182	0	1	677.418	330.369	1
183	0	1	677.342	330.482	1
184	0	1	677.293	330.486	1
185	0	1	677.252	330.595	1
186	0	1	677.257	330.572	1
187	0	1	677.036	331.021	1
188	0	1	676.672	331.895	1
189	0	1	676.668	331.958	1
190	0	1	677.03	331.051	1
191	0	1	677.037	330.667	1
192	0	1	677.014	330.692	1
193	0	1	676.791	331.649	1
194	0	1	676.818	331.739	1
195	0	1	676.905	331.532	1
196	0	1	677.363	330.47	1
197	0	1	677.369	330.351	1
198	0	1	677.291	330.531	1
199	0	1	677.285	330.591	1
200	0	1	676.56	332.146	1
201	0	1	676.574	331.89	1
202	0	1	676.545	332.161	1
203	0	1	676.376	332.447	1
204	0	1	676.577	331.929	1
205	0	1	676.626	331.859	1
206	0	1	676.643	331.919	1
207	0	1	676.664	331.865	1
208	0	1	676.683	331.59	1
209	0	1	676.891	331.311	1
210	0	1	677.482	330.199	1
211	0	1	677.524	330.106	1
212	0	1	676.616	331.551	1
213	0	1	676.512	331.927	1
214	0	1	676.806	331.476	1
215	0	1	676.9	331.067	1
216	0	1	676.839	331.236	1
217	0	1	676.831	331.271	1
218	0	1	676.848	331.226	1
219	0	1	676.825	331.424	1
220	0	1	676.854	331.503	1
221	0	1	676.863	331.443	1
222	0	1	676.874	331.392	1
223	0	1	676.904	331.415	1
224	0	1	676.846	331.594	1
225	0	1	676.588	332.269	1
226	0	1	676.452	332.47	1
227	0	1	676.792	331.909	1
228	0	1	676.377	332.475	1
229	0	1	676.672	331.795	1
230	0	1	676.249	332.809	1
231	0	1	676.548	332.114	1
232	0	1	676.55	332.116	1
233	0	1	676.461	332.438	1
234	0	1	676.146	333.055	1
235	0	1	676.119	333.099	1
236	0	1	676.404	332.329	1
237	0	1	676.518	331.863	1
238	0	1	676.507	332.045	1
239	0	1	676.433	332.4	1
240	0	1	676.396	332.209	1
241	0	1	676.407	332.129	1
242	0	1	676.417	332.241	1
243	0	1	676.523	332.242	1
244	0	1	676.45	332.383	1
245	0	1	676.384	332.828	1
246	0	1	676.241	333.019	1
247	0	1	676.23	333.009	1
248	0	1	676.083	333.169	1
249	0	1	676.211	332.897	1
250	0	1	676.577	332.111	1
251	0	1	676.642	331.965	1
252	0	1	676.623	331.95	1
253	0	1	676.818	331.686	1
254	0	1	677.273	330.728	1
255	0	1	676.912	331.36	1
256	0	1	676.726	331.639	1
257	0	1	676.692	331.62	1
258	0	1	676.411	331.956	1
259	0	1	676.427	331.958	1
260	0	1	676.358	332.143	1
261	0	1	676.26	332.316	1
262	0	1	676.076	332.724	1
263	0	1	676.279	332.523	1
264	0	1	676.607	332.104	1
265	0	1	676.639	331.979	1
266	0	1	676.731	331.634	1
267	0	1	676.871	331.482	1
268	0	1	677.09	331.314	1
269	0	1	676.606	332.29	1
270	0	1	676.311	333.026	1
271	0	1	676.375	332.884	1
272	0	1	676.346	332.918	1
273	0	1	676.254	333.036	1
274	0	1	676.084	333.212	1
275	0	1	676.481	332.34	1
276	0	1	676.652	331.911	1
277	0	1	676.659	331.915	1
278	0	1	673.522	338.895	1
279	0	1	667.484	345.847	1
280	0	1	667.21	346.103	0
281	0	1	655.091	358.454	1
282	0	1	649.84	363.197	1
283	0	1	650.246	362.728	1
284	0	1	647.939	364.46	1
285	0	1	644.723	366.837	1
286	0	1	643.346	367.667	1
287	0	1	637.531	372.099	1
288	0	1	632.66	375.452	1
289	0	1	632.6	375.459	1
290	0	1	632.651	375.425	0
291	0	1	631.456	375.235	1
292	0	1	632.707	374.428	1
293	0	1	632.783	374.457	1
294	0	1	635.238	372.333	1
295	0	1	635.456	372.072	1
296	0	1	635.183	372.209	1
297	0	1	633.801	373.178	1
298	0	1	633.925	372.877	1
299	0	1	633.889	372.82	1
300	0	1	634.016	372.801	1
301	0	1	634.044	372.789	1
302	0	1	637.281	370.14	1
303	0	1	635.855	371.661	1
304	0	1	635.234	372.177	1
305	0	1	634.804	372.634	1
306	0	1	634.73	372.705	1
307	0	1	634.805	372.568	1
308	0	1	638.813	369.569	1
309	0	1	639.435	369.201	1
310	0	1	639.398	369.234	0
311	0	1	631.083	378.907	1
312	0	1	618.412	391.848	1
313	0	1	617.802	392.386	1
314	0	1	609.818	400.125	1
315	0	1	603.585	406.176	1
316	0	1	598.549	410.812	1
317	0	1	593.463	415.494	1
318	0	1	590.565	417.616	1
319	0	1	587.628	420.867	1
320	0	1	587.828	419.731	1
321	0	1	583.606	423.393	1
322	0	1	581.776	424.343	1
323	0	1	579.387	425.891	1
324	0	1	577.821	426.726	1
325	0	1	578.066	426.521	1
326	0	1	579.688	425.122	1
327	0	1	579.895	425.718	1
328	0	1	576.9	428.913	1
329	0	1	576.236	429.625	1
330	0	1	576.261	429.649	1
331	0	1	576.565	429.295	1
332	0	1	580.226	426.015	1
333	0	1	580.041	425.801	1
334	0	1	580.571	425.099	1
335	0	1	579.3	426.075	1
336	0	1	579.132	426.214	1
337	0	1	579.23	426.134	1
338	0	1	579.23	426.135	0
339	0	1	579.382	425.937	1
340	0	1	579.431	425.857	1
341	0	1	579.752	425.702	1
342	0	1	580.039	425.343	1
343	0	1	580.044	425.319	1
344	0	1	579.758	425.787	1
345	0	1	576.744	428.674	1
346	0	1	579.307	426.47	1
347	0	1	580.423	425.591	1
348	0	1	580.312	425.745	1
349	0	1	580.303	425.75	1
350	0	1	580.905	425.389	1
351	0	1	580.97	425.325	1
352	0	1	581.112	425.233	1
353	0	1	580.962	425.29	1
354	0	1	580.327	425.525	1
355	0	1	580.281	425.541	1
356	0	1	576.568	428.639	1
357	0	1	578.943	426.394	1
358	0	1	577.026	428.026	1
359	0	1	576.93	428.093	1
360	0	1	579.604	425.597	1
361	0	1	579.795	425.416	1
362	0	1	579.62	425.66	1
363	0	1	579.778	425.636	1
364	0	1	579.996	425.489	1
365	0	1	580.445	425.139	1
366	0	1	579.555	426.216	1
367	0	1	576.826	428.765	1
368	0	1	576.025	429.541	1
372	0	1	580.668	425.55	1
373	0	1	580.668	425.549	1
374	0	1	580.592	425.609	1
375	0	1	580.522	425.744	1
376	0	1	582.139	423.995	1
377	0	1	579.823	425.798	1
378	0	1	577.22	427.969	1
379	0	1	579.436	425.982	1
380	0	1	580.273	425.205	1
381	0	1	580.274	425.145	1
382	0	1	580.755	424.679	1
383	0	1	580.284	425.184	1
384	0	1	580.161	425.381	1
385	0	1	580.193	425.323	1
386	0	1	582.17	423.678	1
387	0	1	582.38	423.613	1
388	0	1	582.079	424.095	1
389	0	1	581.023	425.032	1
390	0	1	581.047	425.259	1
391	0	1	581.259	425.037	1
392	0	1	581.237	424.992	1
393	0	1	581.239	424.965	1
394	0	1	581.343	424.763	1
395	0	1	581.381	424.69	1
396	0	1	581.33	424.718	1
397	0	1	581.31	424.704	1
398	0	1	581.919	423.996	1
399	0	1	581.977	423.821	1
400	0	1	582.461	423.407	1
401	0	1	579.936	425.441	1
402	0	1	579.818	425.487	1
403	0	1	582.568	423.073	1
404	0	1	582.778	422.889	1
405	0	1	582.522	423.181	1
406	0	1	582.069	423.723	1
407	0	1	582.016	423.909	1
408	0	1	581.249	424.667	1
409	0	1	580.73	425.233	1
410	0	1	580.718	425.297	1
411	0	1	580.651	425.399	1
412	0	1	579.779	426.253	1
413	0	1	582.634	423.808	1
414	0	1	583.206	423.364	1
415	0	1	583.186	423.336	1
416	0	1	583.216	423.302	1
417	0	1	583.578	422.946	1
418	0	1	581.543	424.576	1
419	0	1	581.99	423.991	1
420	0	1	582.133	423.594	1
421	0	1	582.081	423.569	1
422	0	1	582.034	423.604	1
423	0	1	581.755	423.814	1
424	0	1	581.645	423.927	1
425	0	1	581.818	423.731	1
426	0	1	581.67	423.93	1
427	0	1	581.523	424.149	1
428	0	1	581.181	424.488	1
429	0	1	580.715	424.905	1
430	0	1	581.042	424.947	1
431	0	1	580.648	425.524	1
432	0	1	582.656	423.82	1
433	0	1	582.932	423.591	1
434	0	1	582.8	423.706	1
435	0	1	582.762	423.701	1
436	0	1	582.766	423.671	1
437	0	1	580.709	425.529	1
438	0	1	580.559	425.451	1
439	0	1	581.27	424.581	1
440	0	1	581.3	424.548	1
441	0	1	581.069	424.601	1
442	0	1	581.647	423.936	1
443	0	1	581.636	423.897	1
444	0	1	581.988	423.544	1
445	0	1	581.793	423.719	1
446	0	1	581.782	423.696	1
447	0	1	581.996	423.635	1
448	0	1	582.215	423.556	1
449	0	1	582.179	423.733	1
450	0	1	581.622	424.294	1
451	0	1	581.215	424.732	1
452	0	1	581.167	424.771	1
453	0	1	581.142	424.98	1
454	0	1	581.46	424.76	1
455	0	1	581.512	424.679	1
456	0	1	581.507	424.691	1
457	0	1	580.26	425.812	1
458	0	1	581.555	424.66	1
459	0	1	580.894	425.06	1
460	0	1	580.857	424.932	1
461	0	1	581.347	424.328	1
462	0	1	582.621	423.089	1
463	0	1	582.593	422.906	1
464	0	1	582.507	422.967	1
465	0	1	582.286	423.13	1
466	0	1	580.135	425.069	1
467	0	1	581.915	423.558	1
468	0	1	581.923	423.609	1
469	0	1	581.783	423.764	1
470	0	1	581.916	423.7	1
471	0	1	581.991	423.723	1
472	0	1	582.151	423.721	1
473	0	1	581.87	424.12	1
474	0	1	582.752	423.406	1
475	0	1	581.315	424.811	1
476	0	1	581.123	424.968	1
477	0	1	581.347	424.757	1
478	0	1	581.115	424.997	1
479	0	1	582.041	424.101	1
480	0	1	581.987	423.818	1
481	0	1	582.261	423.214	1
482	0	1	582.315	423.154	1
483	0	1	582.549	422.859	1
484	0	1	582.489	422.862	1
485	0	1	582.875	422.498	1
486	0	1	582.941	422.436	1
487	0	1	582.644	422.719	1
488	0	1	582.621	422.742	1
489	0	1	582.739	422.816	1
490	0	1	582.359	423.28	1
491	0	1	582.101	423.749	1
492	0	1	581.564	424.367	1
493	0	1	581.635	424.434	1
494	0	1	581.629	424.438	1
495	0	1	582.898	423.299	1
496	0	1	582.953	423.207	1
497	0	1	582.905	423.254	1
498	0	1	581.031	424.835	1
499	0	1	580.845	424.994	1
500	0	1	581.28	424.574	1
501	0	1	581.574	424.258	1
502	0	1	581.532	424.229	1
503	0	1	581.543	424.034	1
504	0	1	581.963	423.518	1
505	0	1	581.597	423.902	1
506	0	1	581.508	424.014	1
507	0	1	581.579	423.959	1
508	0	1	581.61	424.007	1
509	0	1	581.451	424.322	1
510	0	1	581.065	424.771	1
511	0	1	580.846	425.03	1
512	0	1	580.849	425.029	1
513	0	1	580.488	425.376	1
514	0	1	580.434	425.489	1
515	0	1	582.203	424.001	1
516	0	1	582.333	423.964	1
517	0	1	582.249	424.039	1
518	0	1	582.325	423.959	1
519	0	1	582.917	423.404	1
520	0	1	583.191	423.179	1
521	0	1	581.528	424.5	1
522	0	1	581.583	424.037	1
523	0	1	581.711	423.895	1
524	0	1	581.679	423.947	1
525	0	1	581.377	424.121	1
526	0	1	581.589	423.85	1
527	0	1	581.585	423.881	1
528	0	1	581.451	423.948	1
529	0	1	579.071	425.998	1
530	0	1	578.85	426.192	1
531	0	1	581.11	424.361	1
532	0	1	580.678	424.985	1
533	0	1	580.915	424.922	1
534	0	1	581.048	424.914	1
535	0	1	582.211	423.987	1
536	0	1	580.812	425.309	1
537	0	1	581.911	424.453	1
538	0	1	580.428	425.741	1
539	0	1	580.587	425.505	1
540	0	1	580.749	425.356	1
541	0	1	580.883	425.143	1
542	0	1	580.903	425.114	1
543	0	1	581.325	424.568	1
544	0	1	581.746	424.155	1
545	0	1	580.351	425.421	1
546	0	1	579.653	425.936	1
547	0	1	579.948	425.644	1
548	0	1	579.992	425.61	1
549	0	1	579.943	425.668	1
550	0	1	579.944	425.669	1
551	0	1	581.152	424.676	1
552	0	1	580.691	425.017	1
553	0	1	580.192	425.513	1
554	0	1	580.172	425.515	1
555	0	1	580.15	425.589	1
556	0	1	580.097	425.781	1
557	0	1	579.976	426.051	1
558	0	1	582.093	424.363	1
559	0	1	580.096	426.054	1
560	0	1	579.854	426.234	1
561	0	1	580.095	426.034	1
562	0	1	580.246	425.909	1
563	0	1	581.444	424.603	1
564	0	1	581.507	424.533	0
565	0	1	581.312	424.39	1
566	0	1	581.316	424.352	1
567	0	1	581.318	424.354	0
568	0	1	577.023	428.193	1
569	0	1	569.111	433.987	1
570	0	1	562.766	438.402	1
571	0	1	558.32	441.47	1
572	0	1	556.628	442.383	1
573	0	1	557.816	441.979	1
574	0	1	557.894	441.953	0
575	0	1	557.873	441.96	0
576	0	1	555.364	443.539	1
577	0	1	554.515	443.95	1
578	0	1	554.618	443.874	1
579	0	1	550.258	446.034	1
580	0	1	552.138	445.636	1
581	0	1	553.515	445.273	1
582	0	1	549.369	447.236	1
583	0	1	549.142	447.359	1
584	0	1	549.427	447.228	1
585	0	1	548.367	447.493	1
586	0	1	548.938	446.993	1
587	0	1	553.335	444.637	1
588	0	1	553.634	444.468	1
589	0	1	552.197	445.011	1
590	0	1	552.134	445.025	1
591	0	1	552.263	444.982	1
592	0	1	548.833	446.83	1
593	0	1	552.856	444.917	1
594	0	1	552.662	445.118	1
595	0	1	553.473	444.833	1
596	0	1	553.686	444.732	1
600	0	1	548.132	448.035	1
601	0	1	552.768	445.663	1
602	0	1	554.047	444.944	1
603	0	1	554.095	444.907	1
604	0	1	554.08	444.915	0
605	0	1	553.24	445.003	1
606	0	1	554.059	444.457	1
607	0	1	554.119	444.425	0
608	0	1	554.32	443.936	1
609	0	1	554.36	443.877	1
610	0	1	553.18	444.515	1
611	0	1	552.974	444.607	1
612	0	1	553.128	444.421	1
613	0	1	553.133	444.412	0
614	0	1	552.681	445.047	1
615	0	1	552.64	445.105	1
616	0	1	552.714	445.167	1
617	0	1	553.24	445.216	1
618	0	1	553.248	445.357	1
619	0	1	548.759	447.543	1
620	0	1	548.414	447.694	1
621	0	1	548.702	447.553	1
622	0	1	548.698	447.555	0
623	0	1	548.108	447.859	1
624	0	1	551.598	445.842	1
625	0	1	552.853	445.137	1
626	0	1	548.422	447.33	1
627	0	1	547.987	447.524	1
628	0	1	548.461	447.117	1
629	0	1	552.446	444.859	1
630	0	1	552.785	444.658	1
631	0	1	554.438	443.819	1
632	0	1	553.19	444.608	1
633	0	1	552.992	444.682	1
634	0	1	553.015	444.666	0
635	0	1	531.786	445.23	1
636	0	1	523.158	444.216	1
637	0	1	517.256	442.422	1
638	0	1	514.717	441.884	1
639	0	1	513.442	441.499	1
640	0	1	510.821	440.938	1
641	0	1	505.276	439.169	1
642	0	1	506.208	439.757	1
643	0	1	506.344	439.818	0
644	0	1	489.604	447.255	1
645	0	1	488.047	447.99	1
646	0	1	476.615	454.462	1
647	0	1	464.592	461.002	1
648	0	1	462.643	461.359	1
649	0	1	455.371	465.031	1
650	0	1	447.901	468.92	1
651	0	1	447.518	469.166	1
652	0	1	442.505	471.555	1
653	0	1	440.438	471.977	1
654	0	1	436.356	473.716	1
655	0	1	434.127	474.352	1
656	0	1	431.823	475.084	1
657	0	1	431.67	475.152	1
658	0	1	431.807	474.398	1
659	0	1	430.459	474.84	1
660	0	1	431.106	474.531	1
661	0	1	430.651	475.067	1
662	0	1	430.713	475.24	1
663	0	1	430.773	475.22	1
664	0	1	430.103	475.656	1
665	0	1	431.211	474.867	1
666	0	1	430.687	475.006	1
667	0	1	431.296	474.411	1
668	0	1	432.434	473.595	1
669	0	1	432.477	473.57	1
670	0	1	430.941	474.373	1
671	0	1	430.782	474.446	1
672	0	1	430.706	474.468	1
673	0	1	430.68	474.396	1
674	0	1	430.844	474.266	1
675	0	1	430.858	474.261	1
676	0	1	430.63	474.599	1
677	0	1	430.604	474.705	1
678	0	1	430.535	474.88	1
679	0	1	430.68	474.971	1
680	0	1	430.965	474.917	1
681	0	1	430.98	474.909	1
682	0	1	431.627	474.596	1
683	0	1	432.638	474.001	1
684	0	1	431.984	474.421	1
685	0	1	431.825	474.475	1
686	0	1	431.832	474.437	1
687	0	1	431.823	474.443	1
688	0	1	431.412	474.482	1
689	0	1	430.739	474.785	1
690	0	1	431.376	474.239	1
691	0	1	430.799	474.544	1
692	0	1	431.669	473.831	1
693	0	1	431.814	473.725	1
694	0	1	430.835	474.395	1
695	0	1	432.35	473.488	1
696	0	1	430.986	474.428	1
697	0	1	429.866	475.183	1
698	0	1	431.446	474.285	1
699	0	1	431.633	474.174	1
700	0	1	431.564	474.317	1
701	0	1	431.822	474.259	1
702	0	1	431.521	474.593	1
703	0	1	431.68	474.537	1
704	0	1	431.638	474.528	1
705	0	1	431.614	474.54	1
706	0	1	430.544	475.125	1
707	0	1	430.261	475.169	1
708	0	1	430.445	475.038	1
709	0	1	430.554	474.874	1
710	0	1	430.811	474.601	1
711	0	1	430.832	474.585	1
712	0	1	430.793	474.502	1
713	0	1	430.085	474.825	1
714	0	1	430.796	474.4	1
715	0	1	431.233	474.124	1
716	0	1	431.877	473.762	1
717	0	1	431.93	473.735	1
718	0	1	431.014	474.476	1
719	0	1	430.872	474.739	1
720	0	1	431.619	474.316	1
721	0	1	430.887	474.784	1
722	0	1	430.782	474.906	1
723	0	1	430.466	475.134	1
724	0	1	430.076	475.504	1
725	0	1	431.264	474.76	1
726	0	1	431.234	474.734	1
727	0	1	431.598	474.409	1
728	0	1	431.422	474.457	1
729	0	1	431.371	474.452	1
730	0	1	431.742	474.129	1
731	0	1	431.677	474.098	1
732	0	1	431.887	473.882	1
733	0	1	431.29	474.164	1
734	0	1	431.162	474.236	1
735	0	1	431.233	474.216	1
736	0	1	431.672	473.968	1
737	0	1	431.685	473.978	1
738	0	1	430.805	474.538	1
739	0	1	431.574	474.085	1
740	0	1	431.753	474.027	1
741	0	1	431.747	474.041	1
742	0	1	431.371	474.334	1
743	0	1	431.329	474.406	1
744	0	1	431.32	474.492	1
745	0	1	431.294	474.616	1
746	0	1	431.413	474.446	1
747	0	1	431.47	474.385	1
748	0	1	431.319	474.45	1
749	0	1	430.577	474.848	1
750	0	1	432.204	473.807	1
751	0	1	431.843	474.029	1
752	0	1	433.386	473.039	1
753	0	1	433.603	472.9	1
754	0	1	432.63	473.456	1
755	0	1	431.677	473.989	1
756	0	1	431.791	473.827	1
757	0	1	432.492	473.347	1
758	0	1	431.068	474.249	1
759	0	1	430.889	474.364	1
760	0	1	431.552	474.105	1
761	0	1	430.505	474.769	1
762	0	1	429.706	475.477	1
763	0	1	430.281	475.152	1
764	0	1	431.347	474.502	1
765	0	1	431.398	474.474	1
766	0	1	431.404	474.48	1
767	0	1	431.038	474.707	1
768	0	1	431.351	474.555	1
769	0	1	432.512	473.838	1
770	0	1	431.085	474.65	1
771	0	1	430.874	474.774	1
772	0	1	431.053	474.53	1
773	0	1	431.412	474.24	1
774	0	1	431.279	474.212	1
775	0	1	430.111	474.926	1
776	0	1	431.09	474.252	1
777	0	1	431.262	474.137	1
778	0	1	430.58	474.575	1
779	0	1	430.655	474.556	1
780	0	1	431.128	474.289	1
781	0	1	431.395	474.17	1
782	0	1	430.611	474.741	1
783	0	1	430.525	474.799	1
784	0	1	430.328	474.963	1
785	0	1	430.315	475.035	1
786	0	1	430.926	474.716	1
787	0	1	431.079	474.556	1
788	0	1	431.051	474.564	1
789	0	1	431.365	474.352	1
790	0	1	431.327	474.324	1
791	0	1	431.387	474.265	1
792	0	1	431.068	474.424	1
793	0	1	431.177	474.411	1
794	0	1	431.277	474.257	1
795	0	1	431.294	474.216	1
796	0	1	430.976	474.442	1
797	0	1	431.406	474.223	1
798	0	1	431.366	474.264	1
799	0	1	431.435	474.249	1
800	0	1	431.19	474.357	1
801	0	1	431.114	474.367	1
802	0	1	431.128	474.359	1
803	0	1	431.931	473.974	1
804	0	1	431.163	474.488	1
805	0	1	431.724	474.162	1
806	0	1	431.773	474.275	1
807	0	1	431.832	474.209	1
808	0	1	431.855	474.182	1
809	0	1	430.072	475.258	1
810	0	1	431.012	474.654	1
811	0	1	431.295	474.452	1
812	0	1	431.474	474.353	1
813	0	1	430.613	474.837	1
814	0	1	430.498	474.867	1
815	0	1	431.932	473.989	1
816	0	1	431.995	473.858	1
817	0	1	431.882	473.858	1
818	0	1	430.834	474.407	1
819	0	1	430.799	474.441	1
820	0	1	430.911	474.389	1
821	0	1	430.971	474.342	1
822	0	1	431.752	473.998	1
823	0	1	432.514	473.682	1
824	0	1	431.076	474.602	1
825	0	1	430.465	475.02	1
826	0	1	430.866	474.786	1
827	0	1	431.715	474.305	1
828	0	1	431.713	474.404	1
829	0	1	431.005	474.839	1
830	0	1	431.725	474.4	1
831	0	1	431.909	474.217	1
832	0	1	431.86	474.239	1
833	0	1	431.617	474.302	1
834	0	1	431.627	474.34	1
835	0	1	430.571	474.718	1
836	0	1	430.748	474.603	1
837	0	1	431.123	474.393	1
838	0	1	431.132	474.394	1
839	0	1	430.193	474.917	1
840	0	1	430.923	474.436	1
841	0	1	431.31	474.333	1
842	0	1	431.147	474.463	1
843	0	1	431.407	474.329	1
844	0	1	431.474	474.309	1
845	0	1	430.901	474.766	1
846	0	1	429.946	475.396	1
847	0	1	430.049	475.421	1
848	0	1	431.79	474.409	1
849	0	1	431.433	474.591	1
850	0	1	431.125	474.776	1
851	0	1	431.163	474.834	1
852	0	1	430.664	475.08	1
853	0	1	430.613	475.1	1
854	0	1	430.541	475.017	1
855	0	1	430.799	474.813	1
856	0	1	430.832	474.799	1
857	0	1	431.368	474.331	1
858	0	1	430.418	474.878	1
859	0	1	430.818	474.597	1
860	0	1	430.528	474.805	1
861	0	1	431.106	474.459	1
862	0	1	431.061	474.417	1
863	0	1	429.998	475.068	1
864	0	1	430.506	474.964	1
865	0	1	430.746	475.06	1
866	0	1	426.271	477.701	1
867	0	1	423.225	478.78	1
868	0	1	423.257	478.697	1
869	0	1	414.557	479.552	1
870	0	1	402.139	479.729	1
871	0	1	398.594	479.233	1
872	0	1	394.432	478.78	1
873	0	1	390.71	478.127	1
874	0	1	390.638	478.068	1
875	0	1	389.57	477.664	1
876	0	1	386.227	476.969	1
877	0	1	386.805	476.789	1
878	0	1	383.117	475.708	1
879	0	1	376.145	479.622	1
880	0	1	375.779	480.076	1
881	0	1	366.992	486.235	1
885	0	1	338.661	508.416	1
886	0	1	338.661	508.416	1
887	0	1	333.351	513.022	1
888	0	1	330.674	514.758	1
889	0	1	329.39	515.089	1
890	0	1	328.147	515.185	1
891	0	1	329.059	513.607	1
892	0	1	329.217	513.452	1
893	0	1	326.445	516.614	1
894	0	1	326.34	516.973	1
895	0	1	329.88	513.751	1
896	0	1	327.259	516.188	1
897	0	1	326.7	516.455	1
898	0	1	326.914	516.234	1
899	0	1	326.632	516.551	1
900	0	1	326.158	516.985	1
901	0	1	326.183	516.955	1
902	0	1	326.585	516.316	1
903	0	1	326.62	516.599	1
904	0	1	326.943	516.317	1
905	0	1	326.321	517.027	1
906	0	1	326.884	516.413	1
907	0	1	328.432	515.156	1
908	0	1	328.485	515.158	1
909	0	1	328.375	515.23	1
910	0	1	328.606	515.026	1
911	0	1	328.628	515.008	1
912	0	1	328.77	514.956	1
913	0	1	328.691	514.955	1
914	0	1	329.221	514.474	1
915	0	1	330.539	513.156	1
916	0	1	326.832	516.729	1
917	0	1	326.568	517.057	1
918	0	1	325.944	517.288	1
919	0	1	326.026	517.227	1
920	0	1	325.895	517.226	1
921	0	1	325.854	517.243	1
922	0	1	326.508	516.55	1
923	0	1	326.568	516.484	1
924	0	1	326.737	516.339	1
925	0	1	325.819	517.263	1
926	0	1	325.745	517.215	1
927	0	1	325.758	517.195	0
928	0	1	325.754	517.2	0
929	0	1	327.244	516.153	1
930	0	1	327.668	515.855	1
931	0	1	327.613	515.912	1
932	0	1	327.829	515.727	1
933	0	1	327.922	515.604	1
934	0	1	327.962	515.679	1
935	0	1	327.554	516.084	1
936	0	1	325.938	517.628	1
937	0	1	325.944	517.295	1
938	0	1	325.971	517.251	0
939	0	1	314.753	502.803	1
940	0	1	313.686	501.401	1
941	0	1	310.709	498.059	1
942	0	1	304.686	492.317	1
943	0	1	304.424	492.082	0
944	0	1	300.24	486.853	1
945	0	1	297.276	483.144	1
946	0	1	297.325	483.194	1
947	0	1	293.399	477.231	1
948	0	1	287.177	468.712	1
949	0	1	282.722	463.481	1
950	0	1	276.414	456.12	1
951	0	1	273.01	451.454	1
952	0	1	273.073	451.466	1
971	0	1	245.534	330.991	1
972	0	1	243.53	320.658	1
973	0	1	242.338	313.156	1
974	0	1	241.41	307.844	1
975	0	1	240.737	303.057	1
976	0	1	240.697	302.854	1
977	0	1	239.601	300.32	1
978	0	1	239.894	283.797	1
979	0	1	243.269	262.947	1
980	0	1	246.771	245.053	1
981	0	1	249.285	231.538	1
982	0	1	249.347	231.166	1
983	0	1	251.672	219.956	1
984	0	1	253.15	213.278	1
985	0	1	254.419	206.102	1
986	0	1	255.451	200.811	1
987	0	1	256.399	196.262	1
988	0	1	256.44	196.061	1
989	0	1	257.044	192.447	1
990	0	1	258.009	190.102	1
991	0	1	258.881	187.051	1
992	0	1	259.254	187.045	1
993	0	1	259.346	187.135	1
994	0	1	259.343	187.081	1
995	0	1	259.382	186.647	1
996	0	1	259.229	187.237	1
997	0	1	259.182	187.277	1
998	0	1	259.315	186.069	1
999	0	1	259.072	187.363	1
1000	0	1	259.049	187.383	1
1001	0	1	259.313	185.877	1
1002	0	1	259.147	186.686	1
1003	0	1	259.116	186.918	1
1004	0	1	259.128	186.024	1
1005	0	1	259.294	185.349	1
1006	0	1	259.183	186.707	1
1007	0	1	259.404	185.599	1
1008	0	1	259.154	186.779	1
1009	0	1	259.092	187.169	1
1010	0	1	259.002	187.869	1
1011	0	1	258.812	189.226	1
1012	0	1	258.539	190.811	1
1013	0	1	258.524	190.883	1
1014	0	1	258.539	190.801	1
1015	0	1	258.538	190.802	0
1016	0	1	249.046	182.334	1
1017	0	1	242.189	175.517	1
1018	0	1	235.26	167.421	1
1019	0	1	234.656	166.734	1
1020	0	1	230.858	162.649	1
1021	0	1	227.811	159.479	1
1022	0	1	225.985	157.671	1
1023	0	1	223.79	155.226	1
1024	0	1	217.802	148.749	1
1025	0	1	218.313	149.305	1
1026	0	1	206.573	142.748	1
1027	0	1	195.342	136.269	1
1028	0	1	191.999	134.414	1
1029	0	1	181.212	129.046	1
1030	0	1	173.928	125.538	1
1031	0	1	173.987	125.577	1
1032	0	1	168.23	123.151	1
1033	0	1	160.913	120.147	1
1034	0	1	156.429	118.29	1
1035	0	1	149.096	115.592	1
1036	0	1	140.103	116.457	1
1037	0	1	139.706	116.709	1
1038	0	1	129.302	118.571	1
1039	0	1	123.381	119.484	1
1040	0	1	119.231	119.931	1
1041	0	1	116.637	120.005	1
1042	0	1	115.227	120.075	1
1043	0	1	115.079	120.154	1
1044	0	1	112.366	120.586	1
1045	0	1	110.455	120.768	1
1046	0	1	108.885	121.083	1
1047	0	1	108.132	121.439	1
1048	0	1	108.377	121.28	1
1049	0	1	108.352	121.265	1
1050	0	1	109.1	120.861	1
1051	0	1	109.002	120.976	1
1052	0	1	109.028	121.053	1
1053	0	1	109.204	121	1
1054	0	1	109.233	121.005	1
1055	0	1	109.155	121.037	1
1056	0	1	108.949	121.251	1
1057	0	1	108.626	121.439	1
1058	0	1	108.621	121.445	1
1059	0	1	108.222	121.575	1
1060	0	1	108.412	121.607	1
1061	0	1	108.861	121.471	1
1062	0	1	108.7	121.494	1
1063	0	1	108.545	121.479	1
1064	0	1	108.556	121.524	1
1065	0	1	108.675	121.449	1
1066	0	1	108.772	121.314	1
1067	0	1	108.876	121.281	1
1068	0	1	108.728	121.255	1
1069	0	1	109.171	121.07	1
1070	0	1	109.419	120.988	1
1071	0	1	109.413	121.009	1
1072	0	1	109.374	120.994	1
1073	0	1	109.439	120.975	1
1074	0	1	109.199	121.018	1
1075	0	1	108.981	121.088	1
1076	0	1	108.572	121.52	1
1077	0	1	108.26	121.605	1
1078	0	1	108.11	121.597	1
1079	0	1	108.346	121.519	1
1080	0	1	108.175	121.75	1
1081	0	1	108.219	121.552	1
1082	0	1	107.959	121.545	1
1083	0	1	107.829	121.533	1
1084	0	1	107.862	121.55	1
1085	0	1	108.087	121.481	1
1086	0	1	108.172	121.495	1
1087	0	1	108.295	121.479	1
1088	0	1	108.385	121.497	1
1089	0	1	108.645	121.319	1
1090	0	1	108.342	121.264	1
1091	0	1	108.295	121.272	1
1092	0	1	107.779	121.447	1
1093	0	1	109.073	121.234	1
1094	0	1	108.8	121.61	1
1095	0	1	108.587	121.518	1
1096	0	1	107.83	121.91	1
1097	0	1	107.755	121.965	1
1098	0	1	105.131	123.577	1
1099	0	1	101.401	128.997	1
1100	0	1	97.8731	137.311	1
1101	0	1	96.997	140.02	1
1102	0	1	95.0864	145.039	1
1103	0	1	94.7808	145.58	1
1104	0	1	94.2002	148.989	1
1105	0	1	93.4174	152.617	1
1106	0	1	93.0001	155.596	1
1107	0	1	93.272	157.067	1
1108	0	1	93.172	158.737	1
1109	0	1	93.1372	158.842	1
1110	0	1	93.4316	157.982	1
1111	0	1	93.3644	157.631	1
1112	0	1	93.2813	157.794	1
1113	0	1	93.3287	157.738	1
1114	0	1	93.3115	157.802	1
1115	0	1	93.3297	157.793	1
1116	0	1	93.3853	157.77	1
1117	0	1	93.4556	157.922	1
1118	0	1	93.4494	158.107	1
1119	0	1	93.5973	158.002	1
1120	0	1	93.686	157.734	1
1121	0	1	93.7164	157.684	1
1122	0	1	93.427	158.636	1
1123	0	1	93.4126	158.782	1
1124	0	1	93.4527	158.592	1
1125	0	1	93.6846	157.987	1
1126	0	1	93.7667	157.773	1
1127	0	1	93.7373	157.844	1
1128	0	1	93.7963	157.595	1
1129	0	1	93.7506	157.497	1
1130	0	1	93.6758	157.767	1
1131	0	1	93.8659	157.531	1
1132	0	1	93.5131	158.075	1
1133	0	1	93.6072	157.824	1
1134	0	1	93.981	157.155	1
1135	0	1	91.9585	164.955	1
1136	0	1	93.1274	176.036	1
1137	0	1	96.4621	186.942	1
1138	0	1	98.5149	194.231	1
1139	0	1	98.5525	194.514	1
1140	0	1	100.569	200.594	1
1141	0	1	102.415	206.123	1
1142	0	1	103.798	209.626	1
1143	0	1	105.958	215.352	1
1144	0	1	108.946	235.942	1
1145	0	1	109.119	237.583	1
1146	0	1	109.333	242.171	1
1147	0	1	110.704	252.259	1
1148	0	1	111.737	260.231	1
1149	0	1	112.999	267.889	1
1150	0	1	114.212	274.015	1
1151	0	1	114.252	274.174	1
1152	0	1	115.254	278.914	1
1153	0	1	116.15	281.471	1
1154	0	1	116.998	284.725	1
1155	0	1	116.49	300.529	1
1156	0	1	116.215	309.775	1
1157	0	1	116.241	309.587	1
1158	0	1	116.013	317.327	1
1159	0	1	115.919	326.164	1
1160	0	1	116.126	329.415	1
1161	0	1	116.459	333.23	1
1162	0	1	116.81	337.426	1
1163	0	1	116.825	337.582	1
1164	0	1	117.477	340.611	1
1165	0	1	117.974	342.087	1
1166	0	1	117.988	343.865	1
1167	0	1	119.423	354.259	1
1168	0	1	125.114	363.964	1
1169	0	1	125.555	364.181	1
1170	0	1	130.427	371.446	1
1171	0	1	134.857	377.595	1
1172	0	1	137.397	380.884	1
1173	0	1	139.756	383.73	1
1174	0	1	140.547	384.767	1
1175	0	1	140.201	384.104	1
1176	0	1	142.872	387.007	1
1177	0	1	144.749	389.138	1
1178	0	1	148.805	393.832	1
1179	0	1	155.903	401.478	1
1180	0	1	164.816	410.421	1
1181	0	1	165.245	410.828	1
1182	0	1	177.27	422.711	1
1183	0	1	182.843	428.184	1
1184	0	1	184.68	429.727	1
1185	0	1	188.208	432.914	1
1186	0	1	188.561	432.677	1
1187	0	1	188.407	432.415	1
1188	0	1	188.41	432.421	0
1189	0	1	201.934	441.983	1
1190	0	1	215.852	445.577	1
1191	0	1	230.204	448.975	1
1192	0	1	230.819	449.153	0
1193	0	1	239.341	451.568	1
1194	0	1	249.086	453.464	1
1195	0	1	254.161	454.625	1
1196	0	1	260.731	455.733	1
1197	0	1	264.276	456.318	1
1198	0	1	264.37	456.335	0
1199	0	1	270.446	457.114	1
1200	0	1	269.827	456.878	1
1201	0	1	273.801	463.253	1
1202	0	1	283.377	476.277	1
1203	0	1	289.334	482.875	1
1204	0	1	299.248	494.02	1
1205	0	1	307.464	503.533	1
1206	0	1	307.659	503.728	1
1207	0	1	313.439	510.065	1
1208	0	1	319.813	517.271	1
1209	0	1	324.574	522.678	1
1210	0	1	329.35	527.476	1
1211	0	1	330.52	527.738	1
1212	0	1	330.365	527.505	1
1213	0	1	333.454	530.387	1
1214	0	1	340.481	536.496	1
1215	0	1	351.532	538.342	1
1216	0	1	369.184	539.992	1
1217	0	1	381.101	541.598	1
1218	0	1	381.18	541.637	1
1219	0	1	383.821	542.013	1
1220	0	1	392.04	542.735	1
1221	0	1	397.042	542.697	1
1222	0	1	398.835	542.541	1
1223	0	1	409.16	541.688	1
1224	0	1	410.084	541.612	1
1225	0	1	429.555	540.593	1
1226	0	1	449.59	539.447	1
1227	0	1	465.367	538.237	1
1228	0	1	481.045	536.606	1
1229	0	1	491.044	535.322	1
1230	0	1	491.136	535.295	1
1231	0	1	502.801	533.675	1
1232	0	1	510.83	532.584	1
1233	0	1	515.482	531.725	1
1234	0	1	520.756	531.197	1
1235	0	1	520.985	531.18	0
1236	0	1	520.923	531.185	0
1237	0	1	527.171	528.471	1
1238	0	1	536.766	525.483	1
1239	0	1	546.752	523.035	1
1240	0	1	557.411	519.503	1
1241	0	1	564.097	517.119	1
1242	0	1	563.64	517.313	1
1243	0	1	569.391	515.301	1
1244	0	1	574.14	513.652	1
1245	0	1	576.675	512.625	1
1246	0	1	585.156	510.573	1
1247	0	1	591.464	512.444	1
1248	0	1	591.359	512.674	1
1249	0	1	607.673	514.832	1
1250	0	1	623.01	515.799	1
1251	0	1	632.153	515.94	1
1252	0	1	645.276	516.588	1
1253	0	1	653.316	516.704	1
1254	0	1	653.276	516.67	1
1255	0	1	657.384	516.253	1
1256	0	1	663.051	515.972	1
1257	0	1	666.546	515.887	1
1258	0	1	672.186	515.733	1
1259	0	1	673.227	515.236	1
1260	0	1	672.969	515.199	1
1261	0	1	675.471	510.749	1
1262	0	1	677.471	504.64	1
1263	0	1	683.499	489.756	1
1264	0	1	688.453	478.474	1
1265	0	1	691.225	470.724	1
1266	0	1	691.265	470.483	1
1267	0	1	694.257	461.752	1
1268	0	1	696.293	453.417	1
1269	0	1	697.224	448.459	1
1270	0	1	697.943	443.594	1
1271	0	1	698.802	433.779	1
1272	0	1	698.847	433.114	1
1273	0	1	696.821	413.311	1
1274	0	1	695.882	391.187	1
1275	0	1	695.212	377.299	1
1276	0	1	694.288	364.604	1
1277	0	1	693.708	357.542	1
1278	0	1	693.706	357.575	1
1279	0	1	692.546	348.051	1
1280	0	1	690.961	335.996	1
1281	0	1	689.713	330.528	1
1282	0	1	688.585	325.418	1
1283	0	1	687.58	316.626	1
1284	0	1	687.581	315.978	1
1285	0	1	696.307	300.875	1
1286	0	1	706.818	282.932	1
1287	0	1	714.496	270.417	1
1288	0	1	721.351	260.154	1
1289	0	1	726.104	252.419	1
1290	0	1	726.564	251.775	1
1291	0	1	729.454	246.204	1
1292	0	1	730.46	243.508	1
1293	0	1	731.677	239.976	1
1294	0	1	730.818	237.193	1
1295	0	1	733.645	230.17	1
1296	0	1	734.007	229.621	1
1297	0	1	737.916	226.861	1
1298	0	1	740.469	224.967	1
1299	0	1	741.538	224.317	1
1300	0	1	741.279	224.117	1
1301	0	1	740.534	224.069	1
1302	0	1	740.485	224.083	1
1303	0	1	739.849	224.3	1
1304	0	1	738.743	223.976	1
1305	0	1	738.572	223.379	1
1306	0	1	739.239	221.865	1
1307	0	1	739.295	220.891	1
1308	0	1	739.094	220.968	1
1309	0	1	739.513	220.362	1
1310	0	1	737.937	220.054	1
1311	0	1	736.207	220.081	1
1312	0	1	734.451	219.954	1
1313	0	1	733.448	218.991	1
1314	0	1	733.452	218.909	1
1315	0	1	733.056	217.95	1
1316	0	1	732.164	216.65	1
1317	0	1	731.581	215.272	1
1318	0	1	731.203	213.55	1
1319	0	1	730.508	212.838	1
1320	0	1	730.444	212.884	1
1321	0	1	731.184	211.242	1
1322	0	1	731.157	209.677	1
1323	0	1	732.244	207.369	1
1324	0	1	732.839	206.294	1
1325	0	1	732.7	205.467	1
1326	0	1	732.742	205.382	1
1327	0	1	732.754	204.895	1
1328	0	1	733.651	203.404	1
1329	0	1	733.895	202.374	1
1330	0	1	733.253	201.169	1
1331	0	1	732.261	200.332	1
1332	0	1	732.211	200.324	1
1333	0	1	731.413	199.223	1
1334	0	1	730.029	198.447	1
1335	0	1	729.512	198.06	1
1336	0	1	728.548	196.683	1
1337	0	1	728.537	193.091	1
1338	0	1	728.743	192.609	1
1339	0	1	729.759	188.504	1
1340	0	1	730.906	186.638	1
1341	0	1	731.284	186.913	1
1342	0	1	731.714	186.609	1
1343	0	1	731.915	185.546	1
1344	0	1	731.891	185.5	1
1345	0	1	732.031	184.133	1
1346	0	1	731.085	185.046	1
1347	0	1	730.847	183.628	1
1348	0	1	730.719	182.901	1
1349	0	1	729.983	182.73	1
1350	0	1	729.948	182.615	1
1351	0	1	729.5	182.613	1
1352	0	1	728.855	182.105	1
1353	0	1	728	183.437	1
1354	0	1	727.505	182.54	1
1355	0	1	727.501	182.661	1
1356	0	1	727.531	182.921	1
1357	0	1	727.481	181.586	1
1358	0	1	727.144	181.388	1
1359	0	1	726.6	180.349	1
1360	0	1	726.298	180.394	1
1361	0	1	727.068	173.27	1
1362	0	1	727.153	172.557	1
1363	0	1	728.799	161.207	1
1364	0	1	729.98	151.95	1
1365	0	1	730.682	149.21	1
1366	0	1	731.43	145.538	1
1367	0	1	731.11	143.323	1
1368	0	1	731.037	143.353	1
1369	0	1	730.517	142.849	1
1370	0	1	729.816	141.588	1
1371	0	1	728.942	140.949	1
1372	0	1	733.574	130.713	1
1373	0	1	734.496	123.749	1
1374	0	1	734.233	123.815	1
1375	0	1	734.41	118.303	1
1376	0	1	734.025	113.457	1
1377	0	1	733.043	111.971	1
1378	0	1	731.873	109.996	1
1379	0	1	731.023	109.854	1
1380	0	1	731.007	109.97	1
1381	0	1	730.032	107.357	1
1382	0	1	730.079	103.416	1
1383	0	1	729.472	100.209	1
1384	0	1	728.526	96.8372	1
1385	0	1	727.939	93.1122	1
1386	0	1	727.933	92.8928	1
1387	0	1	727.612	91.5101	1
1388	0	1	726.624	90.4051	1
1389	0	1	725.395	90.6234	1
1390	0	1	724.63	88.9932	1
1391	0	1	723.885	85.1605	1
1392	0	1	723.847	84.9204	1
1393	0	1	724.242	81.5425	1
1394	0	1	724.348	80.889	1
1395	0	1	723.984	81.9608	1
1396	0	1	723.71	80.3293	1
1397	0	1	723.371	78.3759	1
1398	0	1	722.865	74.339	1
1399	0	1	722.837	74.0479	1
1400	0	1	723.273	73.8834	1
1401	0	1	723.566	72.9068	1
1402	0	1	723.736	72.3795	1
1403	0	1	723.807	71.6568	1
1404	0	1	723.814	70.6924	1
1405	0	1	723.848	70.5684	1
1406	0	1	723.76	70.1485	1
1407	0	1	723.716	69.6811	1
1408	0	1	723.736	69.7336	1
1409	0	1	723.756	69.6469	1
1410	0	1	723.656	69.8542	1
1411	0	1	723.747	69.451	1
1412	0	1	723.496	68.4646	1
1413	0	1	723.71	67.2623	1
1414	0	1	724.122	59.549	1
1415	0	1	724.45	61.7692	1
1416	0	1	724.95	64.5741	1
1417	0	1	724.94	64.4381	1
1418	0	1	725.293	67.769	1
1419	0	1	725	68.8681	1
1420	0	1	726.031	76.5541	1
1421	0	1	727.216	85.7145	1
1422	0	1	727.349	89.0732	1
1423	0	1	727.327	88.944	1
1424	0	1	726.983	89.5431	1
1425	0	1	726.176	90.2656	1
1426	0	1	725.494	90.5681	1
1427	0	1	724.595	91.4134	1
1428	0	1	724.22	92.8656	1
1429	0	1	724.235	92.9813	1
1430	0	1	724.121	93.5345	1
1431	0	1	724.518	94.0938	1
1432	0	1	725.104	94.3792	1
1433	0	1	725.304	93.9808	1
1434	0	1	725.448	94.5003	1
1435	0	1	725.435	94.4816	1
1436	0	1	725.448	94.768	1
1437	0	1	725.487	94.8969	1
1438	0	1	725.422	94.6564	1
1439	0	1	725.432	94.6937	1
1440	0	1	725.439	94.375	1
1441	0	1	725.438	94.336	1
1442	0	1	725.436	94.5554	1
1443	0	1	725.488	94.7768	1
1444	0	1	725.446	94.7343	1
1445	0	1	725.55	95.071	1
1446	0	1	725.623	95.1631	1
1447	0	1	725.651	95.3455	1
1448	0	1	725.595	95.2294	1
1449	0	1	725.62	95.1123	1
1450	0	1	725.622	94.7901	1
1451	0	1	725.602	94.7389	1
1452	0	1	725.616	94.816	1
1453	0	1	725.618	94.82	1
1454	0	1	725.646	94.8649	1
1455	0	1	725.691	94.9711	1
1456	0	1	725.695	94.9305	1
1457	0	1	725.678	95.1023	1
1458	0	1	725.692	95.1517	1
1459	0	1	725.695	95.1423	1
1460	0	1	725.747	94.8566	1
1461	0	1	725.723	94.6815	1
1462	0	1	725.727	95.1467	1
1463	0	1	725.612	94.6379	1
1464	0	1	725.708	94.7591	1
1465	0	1	725.726	94.8191	1
1466	0	1	725.735	94.5838	1
1467	0	1	725.722	94.7177	1
1468	0	1	725.756	94.871	1
1469	0	1	725.802	95.0833	1
1470	0	1	725.846	95.2669	1
1471	0	1	725.834	95.3049	1
1472	0	1	725.812	95.2024	1
1473	0	1	725.832	95.6214	1
1474	0	1	725.819	95.3212	1
1475	0	1	725.838	95.2138	1
1476	0	1	725.803	95.1108	1
1477	0	1	725.789	95.0591	1
1478	0	1	725.778	95.1617	1
1479	0	1	725.806	94.9243	1
1480	0	1	725.822	95.1609	1
1481	0	1	725.813	95.0553	1
1482	0	1	725.751	95.0009	1
1483	0	1	725.746	95.011	1
1484	0	1	725.738	94.7936	1
1485	0	1	725.7	94.4969	1
1486	0	1	725.782	95.0334	1
1487	0	1	725.768	95.0463	1
1488	0	1	725.639	94.4074	1
1489	0	1	725.634	94.5278	1
1490	0	1	725.691	94.3744	1
1491	0	1	725.718	94.4109	1
1492	0	1	725.723	94.6078	1
1493	0	1	725.682	94.9839	1
1494	0	1	725.738	95.014	1
1495	0	1	725.709	94.9691	1
1496	0	1	725.678	94.9087	1
1497	0	1	725.678	94.9061	1
1498	0	1	725.68	95.1285	1
1499	0	1	725.735	95.1014	1
1500	0	1	725.727	94.7486	1
1501	0	1	725.714	94.6785	1
1502	0	1	725.725	94.78	1
1503	0	1	725.698	94.6339	1
1504	0	1	725.712	94.6656	1
1505	0	1	725.7	94.5731	1
1506	0	1	725.699	94.6566	1
1507	0	1	725.7	94.6734	1
1508	0	1	725.643	94.5707	1
1509	0	1	725.636	94.4175	1
1510	0	1	725.658	94.3635	1
1511	0	1	725.678	94.4485	1
1512	0	1	725.65	94.4645	1
1513	0	1	725.637	94.4116	1
1514	0	1	725.651	94.5733	1
1515	0	1	725.586	94.4668	1
1516	0	1	725.631	94.6708	1
1517	0	1	725.616	94.7984	1
1518	0	1	725.573	94.2639	1
1519	0	1	725.56	94.3552	1
1520	0	1	725.578	94.4405	1
1521	0	1	725.578	94.3422	1
1522	0	1	725.592	94.4098	1
1523	0	1	725.633	94.4767	1
1524	0	1	725.59	94.3241	1
1525	0	1	725.652	94.4823	1
1526	0	1	725.661	94.5591	1
1527	0	1	725.623	94.3398	1
1528	0	1	725.657	94.3765	1
1529	0	1	725.642	94.2882	1
1530	0	1	725.594	93.996	1
1531	0	1	725.583	93.9483	1
1532	0	1	725.597	94.4831	1
1533	0	1	725.62	94.5024	1
1534	0	1	725.618	94.5759	1
1535	0	1	725.555	94.2863	1
1536	0	1	725.664	94.3839	1
1537	0	1	725.679	94.4171	1
1538	0	1	725.643	94.5069	1
1539	0	1	725.66	94.6312	1
1540	0	1	725.674	94.5791	1
1541	0	1	725.704	94.8197	1
1542	0	1	725.671	94.606	1
1543	0	1	725.67	94.5338	1
1544	0	1	725.644	94.3568	1
1545	0	1	725.625	94.3108	1
1546	0	1	725.644	94.42	1
1547	0	1	725.647	94.4295	1
1548	0	1	725.641	94.3214	1
1549	0	1	725.642	94.2448	1
1550	0	1	725.658	94.2681	1
1551	0	1	725.694	94.5205	1
1552	0	1	725.755	94.8088	1
1553	0	1	725.694	94.8983	1
1554	0	1	725.677	94.7277	1
1555	0	1	725.669	94.8536	1
1556	0	1	725.651	94.6848	1
1557	0	1	725.628	94.6825	1
1558	0	1	725.629	94.7083	1
1559	0	1	725.669	94.8594	1
1560	0	1	725.677	94.7643	1
1561	0	1	725.689	94.7952	1
1562	0	1	725.698	94.8549	1
1563	0	1	725.703	94.7907	1
1564	0	1	725.68	94.6641	1
1565	0	1	725.737	94.7616	1
1566	0	1	725.761	94.747	1
1567	0	1	725.753	94.7694	1
1568	0	1	725.729	94.6457	1
1569	0	1	725.711	94.7259	1
1570	0	1	725.725	94.7495	1
1571	0	1	725.7	94.4787	1
1572	0	1	725.702	94.3373	1
1573	0	1	725.704	94.3429	1
1574	0	1	725.716	94.2975	1
1575	0	1	725.727	94.4744	1
1576	0	1	725.774	94.7651	1
1577	0	1	725.76	94.5426	1
1578	0	1	725.763	94.5634	1
1579	0	1	725.765	94.5868	1
1580	0	1	725.754	94.7767	1
1581	0	1	725.755	94.6949	1
1582	0	1	725.754	94.6525	1
1583	0	1	725.772	94.7926	1
1584	0	1	725.735	94.5345	1
1585	0	1	725.724	94.5238	1
1586	0	1	725.878	95.0364	1
1587	0	1	725.865	94.9117	1
1588	0	1	725.873	94.7333	1
1589	0	1	725.851	94.4118	1
1590	0	1	725.781	94.1815	1
1591	0	1	725.793	94.1653	1
1592	0	1	725.807	94.249	1
1593	0	1	725.839	94.4157	1
1594	0	1	725.87	94.6438	1
1595	0	1	725.869	94.5186	1
1596	0	1	725.852	94.3737	1
1597	0	1	725.86	94.4118	1
1598	0	1	725.853	94.4771	1
1599	0	1	725.884	94.6054	1
1600	0	1	725.9	95.0614	1
1601	0	1	725.905	95.0426	1
1602	0	1	725.902	94.7875	1
1603	0	1	725.96	94.7838	1
1604	0	1	725.969	94.764	1
1605	0	1	725.958	94.7093	1
1606	0	1	725.979	94.7061	1
1607	0	1	725.984	94.6533	1
1608	0	1	725.996	94.7161	1
1609	0	1	726.008	94.7414	1
1610	0	1	725.983	94.626	1
1611	0	1	725.951	94.3866	1
1612	0	1	725.909	94.1797	1
1613	0	1	725.919	94.2492	1
1614	0	1	725.872	94.0976	1
1615	0	1	725.881	94.1813	1
1616	0	1	725.886	94.203	1
1617	0	1	725.926	94.6363	1
1618	0	1	725.969	94.6175	1
1619	0	1	726.004	95.0611	1
1620	0	1	726.013	94.8354	1
1621	0	1	725.959	94.6946	1
1622	0	1	725.932	94.6872	1
1623	0	1	726.08	94.7236	1
1624	0	1	726.023	94.9087	1
1625	0	1	725.972	94.7377	1
1626	0	1	726.042	94.7184	1
1627	0	1	725.98	94.8201	1
1628	0	1	725.968	94.8259	1
1629	0	1	725.978	94.8227	1
1630	0	1	725.941	94.7287	1
1631	0	1	725.951	94.6103	1
1632	0	1	725.942	94.6209	1
1633	0	1	725.924	94.6059	1
1634	0	1	725.954	94.7579	1
1635	0	1	726.008	94.7839	1
1636	0	1	725.947	94.4788	1
1637	0	1	725.947	94.4958	1
1638	0	1	725.95	94.788	1
1639	0	1	725.966	94.7132	1
1640	0	1	725.956	94.5356	1
1641	0	1	726.02	95.1584	1
1642	0	1	725.942	95.029	1
1643	0	1	725.939	94.9611	1
1644	0	1	725.914	95.0278	1
1645	0	1	725.895	94.6189	1
1646	0	1	725.895	94.5759	1
1647	0	1	725.914	94.7913	1
1648	0	1	725.895	94.7385	1
1649	0	1	725.998	94.7789	1
1650	0	1	726.011	95.0284	1
1651	0	1	726.102	94.8659	1
1652	0	1	726.112	94.8341	1
1653	0	1	726	94.2629	1
1654	0	1	726.046	94.4288	1
1655	0	1	725.949	94.3631	1
1656	0	1	725.975	94.5068	1
1657	0	1	726.001	94.6095	1
1658	0	1	725.967	94.5309	1
1659	0	1	725.975	94.5895	1
1660	0	1	725.979	94.7789	1
1661	0	1	725.899	94.2004	1
1662	0	1	725.961	94.795	1
1663	0	1	725.899	95.1163	1
1664	0	1	725.887	95.0893	1
1665	0	1	726.078	94.7657	1
1666	0	1	726.037	94.3208	1
1667	0	1	725.981	94.1655	1
1668	0	1	726.075	94.6464	1
1669	0	1	726.007	94.6754	1
1670	0	1	725.958	94.4279	1
1671	0	1	726.001	94.8176	1
1672	0	1	726.049	94.7629	1
1673	0	1	726.014	94.318	1
1674	0	1	725.971	94.5851	1
1675	0	1	726.049	94.2913	1
1676	0	1	726.058	94.2348	1
1677	0	1	726.181	94.2205	1
1678	0	1	726.223	94.5862	1
1679	0	1	726.306	94.5702	1
1680	0	1	726.267	94.6492	1
1681	0	1	726.389	94.5447	1
1682	0	1	726.405	94.5257	1
1683	0	1	726.332	94.6885	1
1684	0	1	726.262	94.5836	1
1685	0	1	726.157	94.4318	1
1686	0	1	726.159	94.4146	1
1687	0	1	726.208	94.3601	1
1688	0	1	726.211	94.4333	1
1689	0	1	726.108	94.6012	1
1690	0	1	726.105	94.1779	1
1691	0	1	726.121	94.3326	1
1692	0	1	726.226	94.3668	1
1693	0	1	726.319	93.9971	1
1694	0	1	726.321	93.9664	1
1695	0	1	726.319	94.5004	1
1696	0	1	726.323	94.2772	1
1697	0	1	726.282	94.3421	1
1698	0	1	726.275	94.3278	1
1699	0	1	726.175	94.4003	1
1700	0	1	726.166	94.2635	1
1701	0	1	726.142	94.2924	1
1702	0	1	726.108	94.3235	1
1703	0	1	726.083	94.2017	1
1704	0	1	726.133	94.2796	1
1705	0	1	726.075	94.2077	1
1706	0	1	726.065	94.1923	1
1707	0	1	726.199	94.304	1
1708	0	1	726.236	94.4816	1
1709	0	1	726.254	94.6556	1
1710	0	1	726.313	94.0633	1
1711	0	1	726.098	93.6749	1
1712	0	1	726.063	93.6426	1
1713	0	1	726.052	93.4349	1
1714	0	1	726.081	93.7205	1
1715	0	1	726.118	94.1136	1
1716	0	1	726.012	93.9503	1
1717	0	1	725.969	94.4521	1
1718	0	1	725.998	94.652	1
1719	0	1	725.591	95.8609	1
1720	0	1	725.644	98.2864	1
1721	0	1	725.619	96.7931	1
1722	0	1	725.583	95.6026	1
1723	0	1	725.08	94.4145	1
1724	0	1	725.032	94.317	1
1725	0	1	725.154	95.0953	1
1726	0	1	725.005	94.778	1
1727	0	1	725.33	95.1349	1
1728	0	1	725.578	95.4407	1
1729	0	1	725.582	95.1142	1
1730	0	1	725.574	95.0732	1
1731	0	1	725.536	95.0394	1
1732	0	1	725.513	94.7323	1
1733	0	1	725.574	94.8927	1
1734	0	1	725.45	94.7934	1
1735	0	1	725.496	94.3586	1
1736	0	1	725.56	94.4175	1
1737	0	1	725.524	94.7134	1
1738	0	1	725.439	94.5135	1
1739	0	1	725.588	94.8006	1
1740	0	1	725.381	94.6606	1
1741	0	1	725.488	94.3446	1
1742	0	1	725.53	94.4287	1
1743	0	1	725.524	95.0219	1
1744	0	1	725.513	95.2613	1
1745	0	1	725.558	95.0745	1
1746	0	1	725.458	94.5816	1
1747	0	1	725.404	94.3284	1
1748	0	1	725.407	94.3349	1
1749	0	1	725.418	94.293	1
1750	0	1	725.402	94.3313	1
1751	0	1	725.424	94.469	1
1752	0	1	725.404	94.4597	1
1753	0	1	725.38	94.4691	1
1754	0	1	725.38	94.4735	1
1755	0	1	725.439	94.4757	1
1756	0	1	725.489	94.0262	1
1757	0	1	725.293	94.212	1
1758	0	1	725.461	93.9129	1
1759	0	1	725.583	93.9339	1
1760	0	1	725.592	94.0543	1
1761	0	1	725.562	94.1013	1
1762	0	1	725.517	93.8183	1
1763	0	1	725.525	93.8928	1
1764	0	1	725.531	93.9135	1
1765	0	1	725.483	94.1311	1
1766	0	1	725.485	94.0784	1
1767	0	1	725.489	93.9183	1
1768	0	1	725.41	93.4859	1
1769	0	1	725.335	93.5606	1
1770	0	1	725.395	93.808	1
1771	0	1	725.313	93.7443	1
1772	0	1	725.3	93.725	1
1773	0	1	725.645	93.9092	1
1774	0	1	725.37	93.8557	1
1775	0	1	725.276	93.796	1
1776	0	1	725.455	93.9419	1
1777	0	1	725.432	93.7091	1
1778	0	1	725.426	93.7101	1
1779	0	1	725.446	93.7308	1
1780	0	1	725.433	93.6909	1
1781	0	1	725.427	93.5845	1
1782	0	1	725.374	93.737	1
1783	0	1	725.37	93.9238	1
1784	0	1	725.374	93.9285	1
1785	0	1	725.675	93.9885	1
1786	0	1	725.436	93.8306	1
1787	0	1	725.378	93.5646	1
1788	0	1	725.493	93.7837	1
1789	0	1	725.427	93.6618	1
1790	0	1	725.404	93.4593	1
1791	0	1	725.46	93.7745	1
1792	0	1	725.434	93.7885	1
1793	0	1	725.448	93.8524	1
1794	0	1	725.461	93.7973	1
1795	0	1	725.469	94.0104	1
1796	0	1	725.439	93.8834	1
1797	0	1	725.453	93.6128	1
1798	0	1	725.441	93.3335	1
1799	0	1	725.449	93.5429	1
1800	0	1	725.415	93.3581	1
1801	0	1	725.488	93.5737	1
1802	0	1	725.472	93.6923	1
1803	0	1	725.465	93.6816	1
1804	0	1	725.476	93.6019	1
1805	0	1	725.478	93.7372	1
1806	0	1	725.519	93.8691	1
1807	0	1	725.483	93.7377	1
1808	0	1	725.599	94.2274	1
1809	0	1	725.613	94.1123	1
1810	0	1	725.549	94.0683	1
1811	0	1	725.584	93.7759	1
1812	0	1	725.547	93.7916	1
1813	0	1	725.472	93.4564	1
1814	0	1	725.561	93.7815	1
1815	0	1	725.583	93.8384	1
1816	0	1	725.566	93.7333	1
1817	0	1	725.536	93.4763	1
1818	0	1	725.54	93.47	1
1819	0	1	725.549	93.3479	1
1820	0	1	725.519	93.4414	1
1821	0	1	725.513	93.5051	1
1822	0	1	725.717	93.4646	1
1823	0	1	725.519	93.22	1
1824	0	1	725.412	92.8787	1
1825	0	1	725.495	93.2786	1
1826	0	1	725.409	93.079	1
1827	0	1	725.423	93.1707	1
1828	0	1	725.729	93.7228	1
1829	0	1	725.462	93.5935	1
1830	0	1	725.7	93.4693	1
1831	0	1	725.436	93.2395	1
1832	0	1	725.401	93.3795	1
1833	0	1	725.45	93.3681	1
1834	0	1	725.527	93.5801	1
1835	0	1	725.607	93.6652	1
1836	0	1	725.692	93.4604	1
1837	0	1	725.53	93.2172	1
1838	0	1	725.64	92.84	1
1839	0	1	725.664	92.7852	1
1840	0	1	725.582	93.1565	1
1841	0	1	725.5	92.9213	1
1842	0	1	725.74	93.2071	1
1843	0	1	725.581	92.9303	1
1844	0	1	725.826	93.0193	1
1845	0	1	725.867	93.0573	1
1846	0	1	725.771	93.2122	1
1847	0	1	725.652	92.9054	1
1848	0	1	725.67	92.8284	1
1849	0	1	725.537	92.6703	1
1850	0	1	725.643	93.1712	1
1851	0	1	725.664	93.2317	1
1852	0	1	725.291	92.8733	1
1853	0	1	725.727	93.2056	1
1854	0	1	725.603	93.3801	1
1855	0	1	725.491	93.1709	1
1856	0	1	725.853	93.0434	1
1857	0	1	725.884	92.9245	1
1858	0	1	725.593	93.0212	1
1859	0	1	725.639	92.8912	1
1860	0	1	725.571	92.4646	1
1861	0	1	725.69	92.6152	1
1862	0	1	725.596	92.7081	1
1863	0	1	725.579	92.8102	1
1864	0	1	725.666	93.0855	1
1865	0	1	725.669	92.9266	1
1866	0	1	725.48	92.7797	1
1867	0	1	725.693	92.5994	1
1868	0	1	725.416	92.5759	1
1869	0	1	725.37	92.5851	1
1870	0	1	725.707	92.4626	1
1871	0	1	725.762	92.4582	1
1872	0	1	725.584	92.3741	1
1873	0	1	725.591	92.6901	1
1874	0	1	725.631	92.5628	1
1875	0	1	725.642	92.5017	1
1876	0	1	725.588	92.5641	1
1877	0	1	725.443	92.2516	1
1878	0	1	725.477	92.3221	1
1879	0	1	725.484	92.3661	1
1880	0	1	725.477	92.358	1
1881	0	1	725.463	92.2824	1
1882	0	1	725.489	92.3884	1
1883	0	1	725.445	92.2447	1
1884	0	1	725.569	91.9171	1
1885	0	1	725.61	91.995	1
1886	0	1	725.539	91.906	1
1887	0	1	725.552	91.8589	1
1888	0	1	725.531	91.7588	1
1889	0	1	725.514	91.7067	1
1890	0	1	725.524	91.8573	1
1891	0	1	725.536	92.0685	1
1892	0	1	725.513	92.1877	1
1893	0	1	725.516	92.2518	1
1894	0	1	725.456	92.1873	1
1895	0	1	725.453	92.246	1
1896	0	1	725.563	91.9879	1
1897	0	1	725.555	91.7333	1
1898	0	1	725.641	91.5194	1
1899	0	1	725.652	91.5107	1
1900	0	1	725.617	91.7574	1
1901	0	1	725.622	91.8631	1
1902	0	1	725.673	91.982	1
1903	0	1	725.59	91.8501	1
1904	0	1	725.49	91.3331	1
1905	0	1	725.483	91.437	1
1906	0	1	725.465	91.3296	1
1907	0	1	725.471	91.259	1
1908	0	1	725.488	91.2962	1
1909	0	1	725.498	91.4213	1
1910	0	1	725.556	91.654	1
1911	0	1	725.587	91.7351	1
1912	0	1	725.605	91.5596	1
1913	0	1	725.595	91.344	1
1914	0	1	725.599	91.3264	1
1915	0	1	725.593	91.3192	1
1916	0	1	725.548	91.2282	1
1917	0	1	725.529	91.1376	1
1918	0	1	725.438	90.9849	1
1919	0	1	725.475	90.9987	1
1920	0	1	725.501	91.0784	1
1921	0	1	725.481	90.9769	1
1922	0	1	725.548	90.88	1
1923	0	1	725.556	90.8794	1
1924	0	1	725.572	90.7092	1
1925	0	1	725.566	90.8998	1
1926	0	1	725.633	91.0238	1
1927	0	1	725.565	91.0226	1
1928	0	1	725.653	91.3609	1
1929	0	1	725.658	91.3003	1
1930	0	1	725.633	91.4967	1
1931	0	1	725.59	91.4186	1
1932	0	1	725.645	91.4179	1
1933	0	1	725.609	91.2754	1
1934	0	1	725.651	91.3553	1
1935	0	1	725.647	91.2755	1
1936	0	1	725.698	91.3863	1
1937	0	1	725.717	91.4398	1
1938	0	1	725.681	91.519	1
1939	0	1	725.686	91.4814	1
1940	0	1	725.625	91.2314	1
1941	0	1	725.615	91.2535	1
1942	0	1	725.645	91.5502	1
1943	0	1	725.671	91.5838	1
1944	0	1	725.655	91.496	1
1945	0	1	725.636	91.4063	1
1946	0	1	725.652	91.3637	1
1947	0	1	725.644	91.2548	1
1948	0	1	725.696	91.2298	1
1949	0	1	725.701	91.2414	1
1950	0	1	725.645	91.0675	1
1951	0	1	725.617	90.8201	1
1952	0	1	725.626	90.8309	1
1953	0	1	725.627	90.8457	1
1954	0	1	725.605	91.2563	1
1955	0	1	725.617	91.4889	1
1956	0	1	725.534	91.4253	1
1957	0	1	725.537	91.2565	1
1958	0	1	725.612	91.0138	1
1959	0	1	725.629	90.8687	1
1960	0	1	725.665	91.0808	1
1961	0	1	725.658	91.0168	1
1962	0	1	725.703	91.1795	1
1963	0	1	725.727	91.2637	1
1964	0	1	725.719	91.0713	1
1965	0	1	725.715	91.0707	1
1966	0	1	725.698	91.1037	1
1967	0	1	725.698	91.2286	1
1968	0	1	725.711	91.3874	1
1969	0	1	725.655	91.3935	1
1970	0	1	725.609	91.0245	1
1971	0	1	725.662	91.1225	1
1972	0	1	725.683	91.2404	1
1973	0	1	725.723	91.417	1
1974	0	1	725.689	91.3519	1
1975	0	1	725.709	91.2073	1
1976	0	1	725.632	90.9583	1
1977	0	1	725.644	91.0465	1
1978	0	1	725.584	90.9541	1
1979	0	1	725.547	90.9903	1
1980	0	1	725.562	90.9958	1
1981	0	1	725.534	90.7616	1
1982	0	1	725.534	90.6996	1
1983	0	1	725.594	90.9066	1
1984	0	1	725.749	91.0793	1
1985	0	1	725.873	91.2038	1
1986	0	1	725.814	91.0195	1
1987	0	1	725.763	90.8044	1
1988	0	1	725.751	90.763	1
1989	0	1	725.752	90.7696	1
1990	0	1	725.695	90.7724	1
1991	0	1	725.621	90.6838	1
1992	0	1	725.546	90.5886	1
1993	0	1	725.63	90.7937	1
1994	0	1	725.638	90.6737	1
1995	0	1	725.631	90.6458	1
1996	0	1	725.727	90.9357	1
1997	0	1	725.685	90.8226	1
1998	0	1	725.731	90.876	1
1999	0	1	725.804	90.9487	1
2000	0	1	725.779	90.8316	1
2001	0	1	725.632	90.7387	1
2002	0	1	725.622	90.8595	1
2003	0	1	725.63	90.7808	1
2004	0	1	725.508	90.5992	1
2005	0	1	725.509	90.5494	1
2006	0	1	725.465	90.4582	1
2007	0	1	725.684	90.186	1
2008	0	1	725.71	90.1664	1
2009	0	1	725.73	90.0469	1
2010	0	1	725.599	89.7786	1
2011	0	1	725.715	90.1531	1
2012	0	1	725.639	89.8468	1
2013	0	1	725.623	90.0258	1
2014	0	1	725.625	90.1002	1
2015	0	1	725.624	90.1182	1
2016	0	1	725.546	90.2683	1
2017	0	1	725.594	90.4521	1
2018	0	1	725.668	90.5246	1
2019	0	1	725.681	90.1632	1
2020	0	1	725.688	90.1473	1
2021	0	1	725.665	90.0883	1
2022	0	1	725.671	90.0834	1
2023	0	1	725.677	89.8979	1
2024	0	1	725.702	90.2643	1
2025	0	1	725.702	90.2784	1
2026	0	1	725.7	90.2486	1
2027	0	1	725.65	90.22	1
2028	0	1	725.549	90.0825	1
2029	0	1	725.445	90.0742	1
2030	0	1	725.563	90.1026	1
2031	0	1	725.62	89.7305	1
2032	0	1	725.615	89.6935	1
2033	0	1	725.744	90.1381	1
2034	0	1	725.81	90.2705	1
2035	0	1	725.766	90.2241	1
2036	0	1	725.632	89.8877	1
2037	0	1	725.635	90.0846	1
2038	0	1	725.614	90.0737	1
2039	0	1	725.601	90.18	1
2040	0	1	725.595	90.1772	1
2041	0	1	725.558	90.0781	1
2042	0	1	725.648	90.1757	1
2043	0	1	725.626	89.9333	1
2044	0	1	725.622	89.8756	1
2045	0	1	725.692	89.9316	1
2046	0	1	725.696	89.7275	1
2047	0	1	725.703	90.0193	1
2048	0	1	725.66	89.7918	1
2049	0	1	725.618	89.6067	1
2050	0	1	725.547	89.6416	1
2051	0	1	725.503	89.1457	1
2052	0	1	725.44	89.0765	1
2053	0	1	725.446	89.2677	1
2054	0	1	725.534	89.5192	1
2055	0	1	725.701	90.0262	1
2056	0	1	725.711	90.0604	1
2057	0	1	725.673	89.7598	1
2058	0	1	725.678	89.7468	1
2059	0	1	725.697	89.8965	1
2060	0	1	725.668	89.6931	1
2061	0	1	725.539	89.8835	1
2062	0	1	725.529	89.9195	1
2063	0	1	725.535	89.7469	1
2064	0	1	725.653	89.6344	1
2065	0	1	725.613	89.4255	1
2066	0	1	725.721	89.8564	1
2067	0	1	725.718	89.7621	1
2068	0	1	725.668	89.5207	1
2069	0	1	725.683	89.3385	1
2070	0	1	725.666	89.0955	1
2071	0	1	725.622	89.028	1
2072	0	1	725.576	88.9757	1
2073	0	1	725.485	88.9199	1
2074	0	1	725.496	88.8819	1
2075	0	1	725.637	89.2582	1
2076	0	1	725.658	89.4159	1
2077	0	1	725.648	89.3444	1
2078	0	1	725.704	89.5224	1
2079	0	1	725.813	89.4964	1
2080	0	1	725.819	89.4791	1
2081	0	1	725.737	89.2775	1
2082	0	1	725.701	89.3442	1
2083	0	1	725.682	89.352	1
2084	0	1	725.681	89.2944	1
2085	0	1	725.543	89.123	1
2086	0	1	725.455	89.042	1
2087	0	1	725.512	88.9136	1
2088	0	1	725.485	88.7996	1
2089	0	1	725.54	88.9983	1
2090	0	1	725.6	89.1143	1
2091	0	1	725.665	89.2315	1
2092	0	1	725.676	89.3115	1
2093	0	1	725.701	89.29	1
2094	0	1	725.702	89.2523	1
2095	0	1	725.644	88.9191	1
2096	0	1	725.548	88.5212	1
2097	0	1	725.503	88.5255	1
2098	0	1	725.515	88.6016	1
2099	0	1	725.587	88.9668	1
2100	0	1	725.544	88.8026	1
2101	0	1	725.537	88.669	1
2102	0	1	725.585	88.8776	1
2103	0	1	725.628	88.5903	1
2104	0	1	725.629	88.5466	1
2105	0	1	725.631	88.8021	1
2106	0	1	725.601	88.965	1
2107	0	1	725.588	88.9415	1
2108	0	1	725.556	88.883	1
2109	0	1	725.622	89.0972	1
2110	0	1	725.632	89.077	1
2111	0	1	725.573	89.0313	1
2112	0	1	725.456	88.7325	1
2113	0	1	725.657	89.0782	1
2114	0	1	725.604	88.8184	1
2115	0	1	725.67	88.9128	1
2116	0	1	725.691	88.9272	1
2117	0	1	725.783	89.2611	1
2118	0	1	725.732	89.0741	1
2119	0	1	725.636	88.8577	1
2120	0	1	725.628	88.839	1
2121	0	1	725.521	88.7642	1
2122	0	1	725.536	88.8846	1
2123	0	1	725.556	88.5294	1
2124	0	1	725.555	88.6183	1
2125	0	1	725.564	88.7563	1
2126	0	1	725.673	89.0223	1
2127	0	1	725.665	89.3451	1
2128	0	1	725.661	89.3257	1
2129	0	1	725.673	88.9412	1
2130	0	1	725.735	88.9092	1
2131	0	1	725.65	89.1455	1
2132	0	1	725.614	88.8496	1
2133	0	1	725.556	88.6263	1
2134	0	1	725.551	88.6312	1
2135	0	1	725.553	88.9531	1
2136	0	1	725.514	88.4762	1
2137	0	1	725.56	88.5676	1
2138	0	1	725.606	88.5616	1
2139	0	1	725.742	88.9639	1
2140	0	1	725.753	89.0096	1
2141	0	1	725.729	89.0287	1
2142	0	1	725.723	88.5865	1
2143	0	1	725.673	88.9734	1
2144	0	1	725.689	89.0473	1
2145	0	1	725.696	88.9361	1
2146	0	1	725.695	88.9326	1
2147	0	1	725.469	88.6064	1
2148	0	1	725.512	88.4661	1
2149	0	1	725.406	88.3494	1
2150	0	1	725.512	88.3744	1
2151	0	1	725.532	88.7165	1
2152	0	1	725.551	88.9114	1
2153	0	1	725.654	88.2956	1
2154	0	1	725.69	88.3279	1
2155	0	1	725.647	88.5457	1
2156	0	1	725.615	88.4952	1
2157	0	1	725.519	88.3276	1
2158	0	1	725.471	88.3591	1
2159	0	1	725.404	88.1136	1
2160	0	1	725.408	88.429	1
2161	0	1	725.487	88.2684	1
2162	0	1	725.508	88.405	1
2163	0	1	725.608	88.5552	1
2164	0	1	725.618	88.5529	1
2165	0	1	725.619	88.5331	1
2166	0	1	725.625	88.4098	1
2167	0	1	725.655	88.3135	1
2168	0	1	725.604	88.321	1
2169	0	1	725.464	87.9826	1
2170	0	1	725.455	87.9482	1
2171	0	1	725.389	87.9471	1
2172	0	1	725.424	88.2314	1
2173	0	1	725.401	88.3072	1
2174	0	1	725.597	88.3379	1
2175	0	1	725.56	88.0068	1
2176	0	1	725.561	87.9547	1
2177	0	1	725.672	88.3296	1
2178	0	1	725.674	88.2613	1
2179	0	1	725.676	88.0655	1
2180	0	1	725.554	87.9872	1
2181	0	1	725.471	88.0365	1
2182	0	1	725.464	88.0112	1
2183	0	1	725.445	88.0039	1
2184	0	1	725.439	87.9455	1
2185	0	1	725.438	88.0014	1
2186	0	1	725.458	87.8276	1
2187	0	1	725.624	88.015	1
2188	0	1	725.642	87.9459	1
2189	0	1	725.656	87.8243	1
2190	0	1	725.617	87.4057	1
2191	0	1	725.592	87.7942	1
2192	0	1	725.456	87.8572	1
2193	0	1	725.559	87.9917	1
2194	0	1	725.578	88.0122	1
2195	0	1	725.479	87.757	1
2196	0	1	725.385	87.42	1
2197	0	1	725.479	87.4231	1
2198	0	1	725.465	87.0445	1
2199	0	1	725.452	87.0172	1
2200	0	1	725.521	87.1804	1
2201	0	1	725.482	87.0251	1
2202	0	1	725.402	86.8787	1
2203	0	1	725.292	86.5844	1
2204	0	1	725.256	86.3107	1
2205	0	1	725.138	86.4291	1
2206	0	1	725.056	86.2694	1
2207	0	1	725.066	86.2721	1
2208	0	1	725.15	86.0012	1
2209	0	1	725.231	85.9928	1
2210	0	1	725.321	85.8547	1
2211	0	1	725.385	86.6213	1
2212	0	1	725.347	86.3905	1
2213	0	1	725.251	86.1797	1
2214	0	1	725.227	86.2244	1
2215	0	1	725.139	86.0002	1
2216	0	1	725.196	86.0066	1
2217	0	1	725.126	85.7979	1
2218	0	1	725.171	86.0419	1
2219	0	1	725.094	85.8567	1
2220	0	1	725.127	86.0426	1
2221	0	1	725.104	85.8993	1
2222	0	1	725.155	85.9001	1
2223	0	1	725.225	85.8816	1
2224	0	1	725.276	86.1467	1
2225	0	1	725.315	85.9668	1
2226	0	1	725.345	85.741	1
2227	0	1	725.342	85.7663	1
2228	0	1	725.355	85.9935	1
2229	0	1	725.272	86.0504	1
2230	0	1	725.3	86.2581	1
2231	0	1	725.295	86.1791	1
2232	0	1	725.221	86.0088	1
2233	0	1	725.197	86.0764	1
2234	0	1	725.181	85.9895	1
2235	0	1	725.191	86.0216	1
2236	0	1	725.1	85.9181	1
2237	0	1	725.056	85.8123	1
2238	0	1	725.192	85.8324	1
2239	0	1	724.774	88.4317	1
2240	0	1	722.45	94.1979	1
2241	0	1	721.834	97.166	1
2242	0	1	722.232	97.7027	1
2243	0	1	722.263	97.6551	1
2244	0	1	722.965	97.933	1
2245	0	1	722.991	97.1816	1
2246	0	1	728.212	100.796	1
2247	0	1	730.843	98.2223	1
2248	0	1	731.51	95.3893	1
2249	0	1	731.508	95.3954	1
2250	0	1	731.133	92.3557	1
2251	0	1	730.463	89.0541	1
2252	0	1	729.553	85.8754	1
2253	0	1	728.181	81.8465	1
2254	0	1	726.992	77.3184	1
2255	0	1	726.96	77.1182	1
2340	0	1	755.66	62.538	1
2341	0	1	755.371	72.257	1
2342	0	1	754.725	77.6453	1
2343	0	1	753.319	82.5598	1
2344	0	1	751.455	87.4109	1
2345	0	1	751.383	87.7524	1
2346	0	1	750.729	89.3666	1
2347	0	1	749.206	92.725	1
2348	0	1	747.411	96.5075	1
2349	0	1	746.107	98.4617	1
2350	0	1	744.879	102.154	1
2351	0	1	744.823	102.434	1
2352	0	1	743.715	106.953	1
2353	0	1	743.379	111.367	1
2354	0	1	743.423	115.485	1
2355	0	1	742.688	119.577	1
2356	0	1	741.505	123.099	1
2357	0	1	741.445	123.215	1
2358	0	1	740.444	126.184	1
2359	0	1	738.916	128.712	1
2360	0	1	737.973	130.994	1
2361	0	1	736.539	133.095	1
2362	0	1	734.627	135.898	1
2363	0	1	734.534	136.058	1
2364	0	1	732.827	138.423	1
2365	0	1	730.154	143.005	1
2366	0	1	727.601	147.947	1
2367	0	1	725.749	150.794	1
2368	0	1	724.79	152.216	1
2369	0	1	724.788	152.234	1
2370	0	1	723.578	153.881	1
2371	0	1	721.629	157.302	1
2372	0	1	721.828	157.498	1
2373	0	1	723.138	155.745	1
2374	0	1	723.287	155.179	1
2375	0	1	723.363	154.929	1
2376	0	1	723.561	154.446	1
2377	0	1	723.638	154.324	1
2378	0	1	723.436	154.714	1
2379	0	1	723.607	154.158	1
2380	0	1	723.594	154.28	1
2381	0	1	723.557	154.405	1
2382	0	1	723.483	154.453	1
2383	0	1	723.019	155.243	1
2384	0	1	722.943	155.336	1
2385	0	1	722.978	155.231	1
2386	0	1	722.884	155.732	1
2387	0	1	722.874	155.784	1
2388	0	1	722.996	155.366	1
2389	0	1	723.007	155.337	1
2390	0	1	723.028	155.259	1
2391	0	1	723.083	155.223	1
2392	0	1	723.02	155.313	1
2393	0	1	723.004	155.289	1
2394	0	1	722.927	155.393	1
2395	0	1	722.871	155.38	1
2396	0	1	722.836	155.431	1
2397	0	1	722.77	155.582	1
2398	0	1	722.694	155.844	1
2399	0	1	722.903	155.24	1
2400	0	1	722.927	155.166	1
2401	0	1	722.957	155.159	1
2402	0	1	723.037	155.072	1
2403	0	1	723.091	155.089	1
2404	0	1	723.096	154.932	1
2405	0	1	723.167	154.65	1
2406	0	1	723.181	154.643	1
2407	0	1	723.271	154.391	1
2408	0	1	723.201	154.509	1
2409	0	1	723.151	154.68	1
2410	0	1	723.125	154.744	1
2411	0	1	723.185	154.7	1
2412	0	1	723.192	154.694	1
2413	0	1	723.107	154.769	1
2414	0	1	723.074	154.841	1
2415	0	1	723.108	154.726	1
2416	0	1	723.095	154.789	1
2417	0	1	723.197	154.646	1
2418	0	1	723.226	154.586	1
2419	0	1	723.169	154.612	1
2420	0	1	723.109	154.694	1
2421	0	1	723.175	154.469	1
2422	0	1	723.221	154.508	1
2423	0	1	723.23	154.462	1
2424	0	1	723.23	154.449	1
2425	0	1	723.265	154.408	1
2426	0	1	723.045	154.93	1
2427	0	1	723.007	154.965	1
2428	0	1	722.996	154.989	1
2429	0	1	723.097	154.819	1
2430	0	1	723.148	154.673	1
2431	0	1	722.791	155.308	1
2432	0	1	722.772	155.299	1
2433	0	1	722.837	155.259	1
2434	0	1	722.846	155.367	1
2435	0	1	722.857	155.33	1
2436	0	1	722.888	155.265	1
2437	0	1	722.956	155.126	1
2438	0	1	723.11	154.756	1
2439	0	1	723.095	154.761	1
2440	0	1	723.124	154.668	1
2441	0	1	723.155	154.569	1
2442	0	1	723.212	154.356	1
2443	0	1	723.088	154.709	1
2444	0	1	723.053	154.861	1
2445	0	1	722.982	155.075	1
2446	0	1	722.975	155.078	1
2447	0	1	723.006	155.086	1
2448	0	1	723.078	154.86	1
2449	0	1	723.016	154.99	1
2450	0	1	723.093	154.98	1
2451	0	1	723.112	154.788	1
2452	0	1	723.164	154.578	1
2453	0	1	723.222	154.552	1
2454	0	1	723.205	154.631	1
2455	0	1	723.318	154.269	1
2456	0	1	723.173	154.562	1
2457	0	1	723.146	154.543	1
2458	0	1	723.139	154.576	1
2459	0	1	723.18	154.39	1
2460	0	1	723.127	154.507	1
2461	0	1	723.121	154.592	1
2462	0	1	723.123	154.571	1
2463	0	1	723.256	154.295	1
2464	0	1	723.142	154.647	1
2465	0	1	723.133	154.609	1
2466	0	1	723.126	154.672	1
2467	0	1	723.11	154.643	1
2468	0	1	723.12	154.672	1
2469	0	1	723.226	154.396	1
2470	0	1	723.186	154.646	1
2471	0	1	723.134	154.801	1
2472	0	1	723.136	154.768	1
2473	0	1	723.117	154.676	1
2474	0	1	723.072	154.944	1
2475	0	1	723.137	154.942	1
2476	0	1	723.153	154.796	1
2477	0	1	723.039	155.126	1
2478	0	1	723.011	155.195	1
2479	0	1	723.028	154.996	1
2480	0	1	723.286	154.168	1
2481	0	1	723.135	154.742	1
2482	0	1	723.089	154.922	1
2483	0	1	723.107	154.91	1
2484	0	1	723.126	154.976	1
2485	0	1	723.086	154.906	1
2486	0	1	723.13	154.555	1
2487	0	1	723.188	154.476	1
2488	0	1	723.205	154.444	1
2489	0	1	723.428	154	1
2490	0	1	723.393	153.988	1
2491	0	1	723.295	154.34	1
2492	0	1	723.229	154.562	1
2493	0	1	723.191	154.561	1
2494	0	1	723.196	154.488	1
2495	0	1	723.005	154.857	1
2496	0	1	722.971	154.881	1
2497	0	1	723.226	154.627	1
2498	0	1	723.056	155.052	1
2499	0	1	722.935	155.306	1
2500	0	1	723.054	155.066	1
2501	0	1	723.215	154.569	1
2502	0	1	723.221	154.518	1
2503	0	1	723.236	154.368	1
2504	0	1	723.103	154.76	1
2505	0	1	723.195	154.671	1
2506	0	1	723.194	154.608	1
2507	0	1	722.962	154.904	1
2508	0	1	722.939	154.888	1
2509	0	1	723.029	154.833	1
2510	0	1	723.008	154.893	1
2511	0	1	723.214	154.823	1
2512	0	1	722.956	155.349	1
2513	0	1	722.9	155.319	1
2514	0	1	722.919	155.276	1
2515	0	1	722.942	155.343	1
2516	0	1	722.925	155.469	1
2517	0	1	723.108	155.231	1
2518	0	1	722.996	155.352	1
2519	0	1	722.816	155.413	1
2520	0	1	722.852	155.354	1
2521	0	1	722.88	155.393	1
2522	0	1	722.934	155.262	1
2523	0	1	722.992	155.176	1
2524	0	1	723.011	155.134	1
2525	0	1	723.129	154.802	1
2526	0	1	723.125	154.861	1
2527	0	1	723.039	154.806	1
2528	0	1	723.306	154.466	1
2529	0	1	723.475	154.144	1
2530	0	1	723.519	153.761	1
2531	0	1	723.29	154.484	1
2532	0	1	723.22	154.678	1
2533	0	1	723.319	154.523	1
2534	0	1	723.306	154.46	1
2535	0	1	723.235	154.632	1
2536	0	1	723.293	154.586	1
2537	0	1	723.375	154.42	1
2538	0	1	723.402	154.38	1
2539	0	1	723.136	154.773	1
2540	0	1	723.16	154.63	1
2541	0	1	723.241	154.548	1
2542	0	1	723.327	154.358	1
2543	0	1	723.353	154.382	1
2544	0	1	723.356	154.409	1
2545	0	1	723.507	154.119	1
2546	0	1	723.566	154.139	1
2547	0	1	723.507	154.172	1
2548	0	1	723.513	154.11	1
2549	0	1	723.398	154.134	1
2550	0	1	723.379	154.186	1
2551	0	1	723.341	154.339	1
2552	0	1	723.394	154.161	1
2553	0	1	723.265	154.412	1
2554	0	1	723.4	154.502	1
2555	0	1	723.372	154.278	1
2556	0	1	723.389	154.164	1
2557	0	1	723.445	154.126	1
2558	0	1	723.38	154.192	1
2559	0	1	723.438	153.991	1
2560	0	1	723.503	154.002	1
2561	0	1	723.504	154.081	1
2562	0	1	723.503	154.056	1
2563	0	1	723.471	153.969	1
2564	0	1	723.293	154.324	1
2565	0	1	723.244	154.471	1
2566	0	1	723.253	154.472	1
2567	0	1	723.335	154.21	1
2568	0	1	723.342	154.186	1
2569	0	1	723.376	154.227	1
2570	0	1	723.395	154.342	1
2571	0	1	723.422	154.263	1
2572	0	1	723.516	153.968	1
2573	0	1	723.519	153.709	1
2574	0	1	723.504	153.686	1
2575	0	1	723.508	153.944	1
2576	0	1	723.45	154.144	1
2577	0	1	723.501	154.043	1
2578	0	1	723.466	154.172	1
2579	0	1	723.415	154.221	1
2580	0	1	723.386	154.302	1
2581	0	1	723.333	154.425	1
2582	0	1	723.373	154.298	1
2583	0	1	723.314	154.399	1
2584	0	1	723.384	154.343	1
2585	0	1	723.447	154.095	1
2586	0	1	723.482	154.051	1
2587	0	1	723.418	154.105	1
2588	0	1	723.364	154.211	1
2589	0	1	723.49	154.013	1
2590	0	1	723.654	153.65	1
2591	0	1	723.495	154.052	1
2592	0	1	723.509	154.069	1
2593	0	1	723.521	153.989	1
2594	0	1	723.679	153.391	1
2595	0	1	723.654	153.449	1
2596	0	1	723.652	153.495	1
2597	0	1	723.669	153.54	1
2598	0	1	723.602	153.624	1
2599	0	1	723.612	153.565	1
2600	0	1	723.538	153.77	1
2601	0	1	723.552	153.739	1
2602	0	1	723.503	153.823	1
2603	0	1	723.583	153.622	1
2604	0	1	723.655	153.505	1
2605	0	1	723.641	153.518	1
2606	0	1	723.688	153.441	1
2607	0	1	723.685	153.45	1
2608	0	1	723.593	153.471	1
2609	0	1	723.657	153.465	1
2610	0	1	723.74	153.374	1
2611	0	1	723.662	153.463	1
2612	0	1	723.617	153.509	1
2613	0	1	723.642	153.358	1
2614	0	1	723.64	153.379	1
2615	0	1	723.636	153.439	1
2616	0	1	723.581	153.598	1
2617	0	1	723.574	153.601	1
2618	0	1	723.566	153.672	1
2619	0	1	723.495	153.801	1
2620	0	1	723.657	153.603	1
2621	0	1	723.552	153.947	1
2622	0	1	723.639	153.561	1
2623	0	1	723.675	153.484	1
2624	0	1	723.641	153.556	1
2625	0	1	723.592	153.78	1
2626	0	1	723.662	153.526	1
2627	0	1	723.591	153.723	1
2628	0	1	723.574	153.794	1
2629	0	1	723.552	153.835	1
2630	0	1	723.566	153.758	1
2631	0	1	723.568	153.771	1
2632	0	1	723.589	153.628	1
2633	0	1	723.374	154.331	1
2634	0	1	723.295	154.545	1
2635	0	1	723.307	154.53	1
2636	0	1	723.341	154.49	1
2637	0	1	723.34	154.703	1
2638	0	1	723.387	154.488	1
2639	0	1	723.444	154.257	1
2640	0	1	723.707	153.815	1
2641	0	1	723.73	153.783	1
2642	0	1	723.647	153.908	1
2643	0	1	723.671	153.916	1
2644	0	1	723.722	153.9	1
2645	0	1	723.727	153.695	1
2646	0	1	723.692	153.787	1
2647	0	1	723.69	153.811	1
2648	0	1	723.636	153.852	1
2649	0	1	723.597	153.85	1
2650	0	1	723.596	153.865	1
2651	0	1	723.695	153.757	1
2652	0	1	723.642	153.714	1
2653	0	1	723.548	154.061	1
2654	0	1	723.523	154.215	1
2655	0	1	723.575	154.048	1
2656	0	1	723.618	153.96	1
2657	0	1	723.717	153.465	1
2658	0	1	723.624	153.837	1
2659	0	1	723.622	153.882	1
2660	0	1	723.646	153.874	1
2661	0	1	723.728	153.8	1
2662	0	1	723.607	154.063	1
2663	0	1	723.648	153.894	1
2664	0	1	723.616	153.947	1
2665	0	1	723.607	153.972	1
2666	0	1	723.574	153.985	1
2667	0	1	723.549	154.203	1
2668	0	1	723.49	154.318	1
2669	0	1	723.643	154.005	1
2670	0	1	723.564	154.146	1
2671	0	1	723.574	154.108	1
2672	0	1	723.548	154.091	1
2673	0	1	723.707	153.869	1
2674	0	1	723.561	154.137	1
2675	0	1	723.549	154.176	1
2676	0	1	723.603	153.918	1
2677	0	1	723.616	153.901	1
2678	0	1	723.761	153.684	1
2679	0	1	723.721	153.657	1
2680	0	1	723.828	153.243	1
2681	0	1	723.736	153.701	1
2682	0	1	723.669	153.842	1
2683	0	1	723.668	153.821	1
2684	0	1	723.617	153.906	1
2685	0	1	723.614	153.905	1
2686	0	1	723.612	153.914	1
2687	0	1	723.627	153.94	1
2688	0	1	723.706	153.771	1
2689	0	1	723.713	153.753	1
2690	0	1	723.809	153.557	1
2691	0	1	723.733	153.745	1
2692	0	1	723.879	153.674	1
2693	0	1	723.825	153.667	1
2694	0	1	723.839	153.593	1
2695	0	1	723.806	153.6	1
2696	0	1	723.615	154.03	1
2697	0	1	723.634	154.044	1
2698	0	1	723.694	153.733	1
2699	0	1	723.643	153.771	1
2700	0	1	723.698	153.483	1
2701	0	1	723.707	153.447	1
2702	0	1	723.531	153.89	1
2703	0	1	723.715	153.709	1
2704	0	1	723.874	153.424	1
2705	0	1	723.774	153.44	1
2706	0	1	723.881	153.228	1
2707	0	1	723.786	153.513	1
2708	0	1	723.722	153.745	1
2709	0	1	723.705	153.752	1
2710	0	1	723.749	153.616	1
2711	0	1	723.776	153.568	1
2712	0	1	723.878	153.459	1
2713	0	1	723.873	153.511	1
2714	0	1	723.799	153.643	1
2715	0	1	723.762	153.762	1
2716	0	1	723.711	153.766	1
2717	0	1	723.56	153.86	1
2718	0	1	723.627	153.921	1
2719	0	1	723.659	153.85	1
2720	0	1	723.666	153.697	1
2721	0	1	723.683	153.654	1
2722	0	1	723.742	153.615	1
2723	0	1	723.841	153.472	1
2724	0	1	724.009	152.861	1
2725	0	1	724.044	152.743	1
2726	0	1	723.964	153.019	1
2727	0	1	723.818	153.513	1
2728	0	1	723.868	153.345	1
2729	0	1	723.873	153.39	1
2730	0	1	723.783	153.621	1
2731	0	1	723.77	153.666	1
2732	0	1	723.701	153.717	1
2733	0	1	723.591	153.839	1
2734	0	1	723.676	153.6	1
2735	0	1	723.707	153.655	1
2736	0	1	723.738	153.609	1
2737	0	1	723.734	153.62	1
2738	0	1	723.832	153.455	1
2739	0	1	723.795	153.57	1
2740	0	1	723.767	153.66	1
2741	0	1	723.747	153.631	1
2742	0	1	723.759	153.628	1
2743	0	1	723.742	153.654	1
2744	0	1	723.795	153.58	1
2745	0	1	723.781	153.608	1
2746	0	1	723.833	153.532	1
2747	0	1	723.737	153.823	1
2748	0	1	723.658	153.881	1
2749	0	1	723.582	153.862	1
2750	0	1	723.637	153.913	1
2751	0	1	723.551	154.087	1
2752	0	1	723.515	154.15	1
2753	0	1	723.573	153.984	1
2754	0	1	723.607	153.987	1
2755	0	1	723.619	153.994	1
2756	0	1	723.508	154.086	1
2757	0	1	723.552	153.922	1
2758	0	1	723.539	154.109	1
2759	0	1	723.553	154.008	1
2760	0	1	723.477	154.166	1
2761	0	1	723.496	154.07	1
2762	0	1	723.547	153.993	1
2763	0	1	723.461	154.207	1
2764	0	1	723.452	154.273	1
2765	0	1	723.318	154.526	1
2766	0	1	723.352	154.294	1
2767	0	1	723.378	154.335	1
2768	0	1	723.411	154.308	1
2769	0	1	723.496	153.94	1
2770	0	1	723.508	153.984	1
2771	0	1	723.451	154.121	1
2772	0	1	723.539	153.972	1
2773	0	1	723.72	153.348	1
2774	0	1	723.692	153.421	1
2775	0	1	723.64	153.534	1
2776	0	1	723.633	153.421	1
2777	0	1	723.61	153.464	1
2778	0	1	723.447	154.105	1
2779	0	1	723.365	154.35	1
2780	0	1	723.433	154.179	1
2781	0	1	723.279	154.279	1
2782	0	1	723.69	153.321	1
2783	0	1	723.621	153.508	1
2784	0	1	723.668	153.317	1
2785	0	1	723.665	153.254	1
2786	0	1	723.823	153.061	1
2787	0	1	723.689	153.27	1
2788	0	1	723.832	153.086	1
2789	0	1	723.822	153.071	1
2790	0	1	723.85	153.009	1
2791	0	1	723.799	153.105	1
2792	0	1	723.587	153.87	1
2793	0	1	723.533	153.661	1
2794	0	1	723.385	154.276	1
2795	0	1	723.3	154.429	1
2796	0	1	723.37	154.398	1
2797	0	1	723.321	154.413	1
2798	0	1	723.31	154.414	1
2799	0	1	723.442	154.347	1
2800	0	1	723.475	154.238	1
2801	0	1	723.38	154.388	1
2802	0	1	723.66	153.757	1
2803	0	1	723.469	153.929	1
2804	0	1	723.406	154.017	1
2805	0	1	723.718	153.45	1
2806	0	1	723.716	153.376	1
2807	0	1	723.62	153.5	1
2808	0	1	723.6	154.012	1
2809	0	1	723.64	153.985	1
2810	0	1	723.492	154.207	1
2811	0	1	723.568	153.64	1
2812	0	1	723.871	153.122	1
2813	0	1	723.661	153.89	1
2814	0	1	723.538	153.809	1
2815	0	1	723.678	153.457	1
2816	0	1	723.68	153.395	1
2817	0	1	723.442	154.104	1
2818	0	1	723.518	154.016	1
2819	0	1	723.649	153.815	1
2820	0	1	723.559	153.919	1
2821	0	1	723.56	153.94	1
2822	0	1	723.618	153.843	1
2823	0	1	723.579	153.875	1
2824	0	1	723.596	153.835	1
2825	0	1	723.729	153.385	1
2826	0	1	723.647	153.722	1
2827	0	1	723.603	153.855	1
2828	0	1	723.599	153.855	1
2829	0	1	723.552	153.947	1
2830	0	1	723.497	153.917	1
2831	0	1	723.519	153.914	1
2832	0	1	723.475	153.688	1
2833	0	1	723.487	153.68	1
2834	0	1	723.628	153.476	1
2835	0	1	723.608	153.428	1
2836	0	1	723.664	153.355	1
2837	0	1	723.663	153.645	1
2838	0	1	723.806	153.147	1
2839	0	1	723.733	153.488	1
2840	0	1	723.715	153.564	1
2841	0	1	723.688	153.649	1
2842	0	1	723.683	153.764	1
2843	0	1	723.592	153.814	1
2844	0	1	723.64	153.72	1
2845	0	1	723.658	153.647	1
2846	0	1	723.709	153.36	1
2847	0	1	723.691	153.303	1
2848	0	1	723.689	153.387	1
2849	0	1	723.796	153.138	1
2850	0	1	723.802	153.078	1
2851	0	1	723.85	153.042	1
2852	0	1	723.833	153.084	1
2853	0	1	723.772	153.271	1
2854	0	1	723.804	153.076	1
2855	0	1	723.837	153.097	1
2856	0	1	723.844	153.127	1
2857	0	1	723.779	153.112	1
2858	0	1	723.804	153.12	1
2859	0	1	723.793	153.128	1
2860	0	1	723.777	153.132	1
2861	0	1	723.795	153.142	1
2862	0	1	723.808	153.119	1
2863	0	1	723.753	153.154	1
2864	0	1	723.776	153.134	1
2865	0	1	723.562	153.879	1
2866	0	1	723.7	153.831	1
2867	0	1	723.829	153.174	1
2868	0	1	723.731	153.652	1
2869	0	1	723.656	153.773	1
2870	0	1	723.707	153.683	1
2871	0	1	723.763	153.641	1
2872	0	1	723.67	153.723	1
2873	0	1	723.696	153.419	1
2874	0	1	723.607	153.779	1
2875	0	1	723.635	153.782	1
2876	0	1	723.667	153.708	1
2877	0	1	723.833	153.052	1
2878	0	1	723.556	153.552	1
2879	0	1	723.416	153.875	1
2880	0	1	723.562	153.548	1
2881	0	1	723.812	153.153	1
2882	0	1	723.844	153.122	1
2883	0	1	723.678	153.73	1
2884	0	1	723.589	153.789	1
2885	0	1	723.635	153.734	1
2886	0	1	723.684	153.585	1
2887	0	1	723.773	153.093	1
2888	0	1	723.898	152.883	1
2889	0	1	723.866	152.964	1
2890	0	1	723.731	153.037	1
2891	0	1	723.679	153.154	1
2892	0	1	723.738	153.151	1
2893	0	1	723.665	153.397	1
2894	0	1	723.877	153.152	1
2895	0	1	723.816	153.104	1
2896	0	1	723.923	152.869	1
2897	0	1	723.886	153.058	1
2898	0	1	723.913	152.885	1
2899	0	1	724.058	152.648	1
2900	0	1	724.068	152.644	1
2901	0	1	724.118	152.592	1
2902	0	1	724.13	152.639	1
2903	0	1	723.957	152.848	1
2904	0	1	723.85	153.105	1
2905	0	1	723.945	153.379	1
2906	0	1	723.958	153.391	1
2907	0	1	723.788	153.048	1
2908	0	1	723.808	153.117	1
2909	0	1	723.779	153.198	1
2910	0	1	723.704	153.38	1
2911	0	1	723.928	153.209	1
2912	0	1	723.862	153.319	1
2913	0	1	723.932	152.991	1
2914	0	1	723.942	152.844	1
2915	0	1	723.901	152.878	1
2916	0	1	723.857	152.87	1
2917	0	1	723.887	152.875	1
2918	0	1	723.969	152.886	1
2919	0	1	723.991	152.74	1
2920	0	1	723.836	153.238	1
2921	0	1	723.649	153.656	1
2922	0	1	723.662	153.575	1
2923	0	1	723.848	153.358	1
2924	0	1	723.862	153.349	1
2925	0	1	723.774	153.444	1
2926	0	1	723.801	153.329	1
2927	0	1	723.898	153.307	1
2928	0	1	723.708	153.499	1
2929	0	1	723.758	153.413	1
2930	0	1	723.829	153.262	1
2931	0	1	724.078	152.867	1
2932	0	1	723.914	153.091	1
2933	0	1	723.899	153.158	1
2934	0	1	723.862	153.092	1
2935	0	1	723.861	153.083	1
2936	0	1	723.865	153.086	1
2937	0	1	723.94	153.007	1
2938	0	1	723.904	153.197	1
2939	0	1	723.988	153.152	1
2940	0	1	723.871	153.472	1
2941	0	1	723.858	153.463	1
2942	0	1	723.709	153.697	1
2943	0	1	723.648	153.714	1
2944	0	1	723.742	153.433	1
2945	0	1	723.828	153.038	1
2946	0	1	723.71	153.471	1
2947	0	1	723.544	153.742	1
2948	0	1	723.63	153.384	1
2949	0	1	723.783	153.382	1
2950	0	1	723.832	153.299	1
2951	0	1	724.018	152.919	1
2952	0	1	723.992	152.861	1
2953	0	1	723.942	153.023	1
2954	0	1	723.872	153.377	1
2955	0	1	723.9	153.306	1
2956	0	1	723.975	153.016	1
2957	0	1	723.922	153.377	1
2958	0	1	723.993	152.974	1
2959	0	1	724.019	152.971	1
2960	0	1	724.018	152.984	1
2961	0	1	724.026	153.173	1
2962	0	1	724.181	152.895	1
2963	0	1	724.137	152.832	1
2964	0	1	723.989	153.097	1
2965	0	1	724.16	152.726	1
2966	0	1	724.185	152.672	1
2967	0	1	724.097	152.673	1
2968	0	1	723.863	153.193	1
2969	0	1	723.809	153.317	1
2970	0	1	723.856	153.291	1
2971	0	1	723.956	153.215	1
2972	0	1	723.963	153.209	1
2973	0	1	723.803	153.456	1
2974	0	1	723.807	153.415	1
2975	0	1	723.863	153.452	1
2976	0	1	723.79	153.739	1
2977	0	1	723.806	153.694	1
2978	0	1	723.914	153.334	1
2979	0	1	723.966	153.266	1
2980	0	1	724.045	153.156	1
2981	0	1	724.072	153.072	1
2982	0	1	724.122	152.865	1
2983	0	1	723.99	153.044	1
2984	0	1	723.961	153.063	1
2985	0	1	723.846	153.347	1
2986	0	1	723.84	153.377	1
2987	0	1	723.727	153.571	1
2988	0	1	723.772	153.575	1
2989	0	1	723.743	153.598	1
2990	0	1	723.777	153.491	1
2991	0	1	723.813	153.473	1
2992	0	1	723.857	153.458	1
2993	0	1	723.778	153.46	1
2994	0	1	723.864	153.299	1
2995	0	1	723.933	153.264	1
2996	0	1	724.074	153.107	1
2997	0	1	724.108	153.061	1
2998	0	1	723.981	153.271	1
2999	0	1	723.886	153.425	1
3000	0	1	723.951	153.359	1
3001	0	1	723.816	153.505	1
3002	0	1	724.092	152.879	1
3003	0	1	723.929	153.478	1
3004	0	1	723.927	153.546	1
3005	0	1	723.776	153.694	1
3006	0	1	723.951	153.432	1
3007	0	1	723.822	153.257	1
3008	0	1	723.88	152.904	1
3009	0	1	723.901	152.874	1
3010	0	1	723.818	153.755	1
3011	0	1	724.083	152.791	1
3012	0	1	723.909	153.208	1
3013	0	1	723.959	152.941	1
3014	0	1	723.923	153.032	1
3015	0	1	723.825	153.42	1
3016	0	1	723.814	153.458	1
3017	0	1	723.787	153.522	1
3018	0	1	723.667	153.729	1
3019	0	1	723.785	153.692	1
3020	0	1	723.7	153.559	1
3021	0	1	723.645	153.645	1
3022	0	1	723.857	153.336	1
3023	0	1	723.931	153.253	1
3024	0	1	723.791	153.42	1
3025	0	1	723.904	153.351	1
3026	0	1	723.882	153.327	1
3027	0	1	723.879	153.333	1
3028	0	1	724.095	152.884	1
3029	0	1	723.911	153.206	1
3030	0	1	723.916	153.37	1
3031	0	1	723.877	153.413	1
3032	0	1	723.843	153.456	1
3033	0	1	723.845	153.458	1
3034	0	1	723.887	153.441	1
3035	0	1	723.898	153.477	1
3036	0	1	723.975	153.345	1
3037	0	1	723.825	153.586	1
3038	0	1	723.935	153.431	1
3039	0	1	723.959	153.396	1
3040	0	1	723.932	153.172	1
3041	0	1	723.995	153.092	1
3042	0	1	724.101	152.869	1
3043	0	1	723.868	153.345	1
3044	0	1	723.966	153.244	1
3045	0	1	723.979	153.208	1
3046	0	1	724.03	153.04	1
3047	0	1	724.038	152.926	1
3048	0	1	724.251	152.764	1
3049	0	1	724.097	153.089	1
3050	0	1	724.026	153.017	1
3051	0	1	723.949	153.241	1
3052	0	1	723.868	153.379	1
3053	0	1	724.051	153.357	1
3054	0	1	723.905	153.24	1
3055	0	1	723.79	153.809	1
3056	0	1	723.806	153.786	1
3057	0	1	723.844	153.649	1
3058	0	1	723.787	153.722	1
3059	0	1	723.849	153.62	1
3060	0	1	723.807	153.572	1
3061	0	1	724.075	153.164	1
3062	0	1	724.067	153.142	1
3063	0	1	724.007	153.278	1
3064	0	1	723.847	153.577	1
3065	0	1	723.811	153.747	1
3066	0	1	723.779	153.711	1
3067	0	1	723.869	153.561	1
3068	0	1	723.612	153.968	1
3069	0	1	723.59	153.939	1
3070	0	1	723.546	154.094	1
3071	0	1	723.689	153.842	1
3072	0	1	723.625	153.964	1
3073	0	1	723.608	153.89	1
3074	0	1	723.536	154	1
3075	0	1	723.63	153.807	1
3076	0	1	723.697	153.668	1
3077	0	1	723.87	153.451	1
3078	0	1	723.953	153.264	1
3079	0	1	723.934	153.272	1
3080	0	1	724.02	153.135	1
3081	0	1	724.031	153.118	1
3082	0	1	724.043	153.147	1
3083	0	1	724.018	153.252	1
3084	0	1	723.972	153.413	1
3085	0	1	723.894	153.399	1
3086	0	1	723.841	153.544	1
3087	0	1	723.763	153.667	1
3088	0	1	723.791	153.309	1
3089	0	1	723.755	153.649	1
3090	0	1	723.799	153.682	1
3091	0	1	723.844	153.337	1
3092	0	1	723.847	153.242	1
3093	0	1	723.846	153.255	1
3094	0	1	724.045	153.026	1
3095	0	1	723.837	153.299	1
3096	0	1	724.018	153.287	1
3097	0	1	723.958	153.38	1
3098	0	1	723.864	153.468	1
3099	0	1	723.865	153.466	1
3100	0	1	723.809	153.493	1
3101	0	1	723.763	153.562	1
3102	0	1	723.687	153.581	1
3103	0	1	723.892	153.704	1
3104	0	1	723.901	153.534	1
3105	0	1	723.844	153.504	1
3106	0	1	723.742	153.476	1
3107	0	1	723.764	153.611	1
3108	0	1	723.797	153.433	1
3109	0	1	723.747	153.488	1
3110	0	1	723.987	153.334	1
3111	0	1	723.992	153.408	1
3112	0	1	723.819	153.321	1
3113	0	1	724.08	153.222	1
3114	0	1	723.904	153.332	1
3115	0	1	723.764	153.347	1
3116	0	1	723.998	153.084	1
3117	0	1	724.086	152.912	1
3118	0	1	723.812	153.29	1
3119	0	1	723.739	153.415	1
3120	0	1	723.773	153.853	1
3121	0	1	723.743	153.866	1
3122	0	1	723.487	153.902	1
3123	0	1	723.551	153.566	1
3124	0	1	724.035	153.209	1
3125	0	1	723.718	153.654	1
3126	0	1	723.655	153.641	1
3127	0	1	723.97	153.274	1
3128	0	1	723.715	153.362	1
3129	0	1	723.653	153.46	1
3130	0	1	723.798	153.399	1
3131	0	1	723.805	153.432	1
3132	0	1	723.925	153.236	1
3133	0	1	723.859	153.412	1
3134	0	1	723.788	153.532	1
3135	0	1	723.681	153.755	1
3136	0	1	723.648	153.823	1
3137	0	1	723.599	153.888	1
3138	0	1	723.665	153.924	1
3139	0	1	723.625	153.967	1
3140	0	1	723.648	153.853	1
3141	0	1	723.655	153.839	1
3142	0	1	723.724	153.758	1
3143	0	1	723.649	153.916	1
3144	0	1	723.755	153.741	1
3145	0	1	723.679	153.755	1
3146	0	1	723.672	153.739	1
3147	0	1	723.666	153.738	1
3148	0	1	723.653	153.619	1
3149	0	1	723.616	153.606	1
3150	0	1	723.618	153.688	1
3151	0	1	723.756	153.602	1
3152	0	1	723.741	153.524	1
3153	0	1	723.701	153.567	1
3154	0	1	723.661	153.677	1
3155	0	1	723.575	153.825	1
3156	0	1	723.594	153.766	1
3157	0	1	723.698	153.645	1
3158	0	1	723.67	153.758	1
3159	0	1	723.678	153.754	1
3160	0	1	723.718	153.698	1
3161	0	1	723.809	153.636	1
3162	0	1	723.587	154.054	1
3163	0	1	723.648	153.883	1
3164	0	1	723.696	153.781	1
3165	0	1	723.69	153.794	1
3166	0	1	723.648	153.751	1
3167	0	1	723.623	153.67	1
3168	0	1	723.544	153.715	1
3169	0	1	723.523	153.615	1
3170	0	1	723.437	153.749	1
3171	0	1	723.393	153.782	1
3172	0	1	723.723	153.478	1
3173	0	1	723.543	153.656	1
3174	0	1	723.474	153.799	1
3175	0	1	723.586	153.518	1
3176	0	1	723.579	153.721	1
3177	0	1	723.507	153.994	1
3178	0	1	723.586	154.02	1
3179	0	1	723.524	154.062	1
3180	0	1	723.514	154.074	1
3181	0	1	723.485	154.126	1
3182	0	1	723.53	153.961	1
3183	0	1	723.546	154.036	1
3184	0	1	723.491	154.08	1
3185	0	1	723.405	154.151	1
3186	0	1	723.501	153.853	1
3187	0	1	723.431	153.94	1
3188	0	1	723.58	153.511	1
3189	0	1	723.602	153.456	1
3190	0	1	723.438	153.904	1
3191	0	1	723.423	153.793	1
3192	0	1	723.432	153.966	1
3193	0	1	723.32	154.087	1
3194	0	1	723.442	153.847	1
3195	0	1	723.391	154.014	1
3196	0	1	723.502	153.876	1
3197	0	1	723.505	153.899	1
3198	0	1	723.495	154.084	1
3199	0	1	723.413	154.151	1
3200	0	1	723.485	154.095	1
3201	0	1	723.446	154.128	1
3202	0	1	723.461	154.042	1
3203	0	1	723.332	154.378	1
3204	0	1	723.382	154.243	1
3205	0	1	723.295	154.325	1
3206	0	1	723.524	153.834	1
3207	0	1	723.521	153.831	1
3208	0	1	723.502	153.87	1
3209	0	1	723.459	153.941	1
3210	0	1	723.376	153.96	1
3211	0	1	723.378	153.98	1
3212	0	1	723.337	153.981	1
3213	0	1	723.335	153.996	1
3214	0	1	723.338	153.998	1
3215	0	1	723.299	154.12	1
3216	0	1	723.27	154.242	1
3217	0	1	723.297	154.14	1
3218	0	1	723.358	154.224	1
3219	0	1	723.309	154.243	1
3220	0	1	723.331	154.184	1
3221	0	1	723.351	154.251	1
3222	0	1	723.435	154.05	1
3223	0	1	723.489	153.871	1
3224	0	1	723.402	154.014	1
3225	0	1	723.419	153.853	1
3226	0	1	723.427	153.824	1
3227	0	1	723.376	154.025	1
3228	0	1	723.258	154.226	1
3229	0	1	723.317	153.995	1
3230	0	1	723.264	154.094	1
3231	0	1	723.231	154.154	1
3232	0	1	723.284	154.001	1
3233	0	1	723.356	153.842	1
3234	0	1	723.346	153.826	1
3235	0	1	723.334	154.055	1
3236	0	1	723.275	154.193	1
3237	0	1	723.263	154.269	1
3238	0	1	723.337	154.19	1
3239	0	1	723.372	154.153	1
3240	0	1	723.412	154.066	1
3241	0	1	723.416	153.995	1
3242	0	1	723.376	154.144	1
3243	0	1	723.175	154.674	1
3244	0	1	723.218	154.543	1
3245	0	1	723.154	154.598	1
3246	0	1	723.178	154.516	1
3247	0	1	723.183	154.33	1
3248	0	1	723.283	154.133	1
3249	0	1	723.145	154.292	1
3250	0	1	723.132	154.344	1
3251	0	1	723.165	154.301	1
3252	0	1	723.426	153.748	1
3253	0	1	723.488	153.706	1
3254	0	1	723.34	153.991	1
3255	0	1	723.158	154.414	1
3256	0	1	723.167	154.421	1
3257	0	1	723.25	154.231	1
3258	0	1	723.2	154.367	1
3259	0	1	723.225	154.413	1
3260	0	1	723.182	154.532	1
3261	0	1	723.164	154.532	1
3262	0	1	723.167	154.523	1
3263	0	1	723.151	154.583	1
3264	0	1	723.19	154.497	1
3265	0	1	723.18	154.454	1
3266	0	1	723.323	154.147	1
3267	0	1	723.437	153.931	1
3268	0	1	723.419	153.951	1
3269	0	1	723.287	154.225	1
3270	0	1	723.241	154.292	1
3271	0	1	723.279	154.195	1
3272	0	1	723.278	154.199	1
3273	0	1	723.263	154.162	1
3274	0	1	723.281	154.093	1
3275	0	1	723.229	154.04	1
3276	0	1	723.193	154.237	1
3277	0	1	723.246	154.214	1
3278	0	1	723.237	154.275	1
3279	0	1	723.202	154.407	1
3280	0	1	723.236	154.243	1
3281	0	1	723.31	154.056	1
3282	0	1	723.301	154.238	1
3283	0	1	723.271	154.353	1
3284	0	1	723.313	154.296	1
3285	0	1	723.346	154.226	1
3286	0	1	723.346	154.225	1
3287	0	1	723.436	153.892	1
3288	0	1	723.397	154.044	1
3289	0	1	723.292	154.163	1
3290	0	1	723.365	153.963	1
3291	0	1	723.335	154.012	1
3292	0	1	723.354	153.998	1
3293	0	1	723.353	153.986	1
3294	0	1	723.279	154.075	1
3295	0	1	723.251	154.112	1
3296	0	1	723.271	154.059	1
3297	0	1	723.241	154.195	1
3298	0	1	723.28	154.208	1
3299	0	1	723.24	154.331	1
3300	0	1	723.243	154.301	1
3301	0	1	723.23	154.291	1
3302	0	1	723.316	154.145	1
3303	0	1	723.117	155.059	1
3304	0	1	723.083	155.162	1
3305	0	1	723.186	154.605	1
3306	0	1	723.187	154.541	1
3307	0	1	723.204	154.467	1
3308	0	1	723.153	154.462	1
3309	0	1	723.148	154.615	1
3310	0	1	723.154	154.672	1
3311	0	1	723.097	154.815	1
3312	0	1	723.185	154.437	1
3313	0	1	723.348	154.276	1
3314	0	1	723.311	154.264	1
3315	0	1	723.308	154.268	1
3316	0	1	723.241	154.421	1
3317	0	1	723.344	154.178	1
3318	0	1	723.274	154.309	1
3319	0	1	723.176	154.544	1
3320	0	1	723.213	154.487	1
3321	0	1	723.306	154.579	1
3322	0	1	723.273	154.665	1
3323	0	1	723.181	154.812	1
3324	0	1	723.178	154.804	1
3325	0	1	723.241	154.654	1
3326	0	1	723.219	154.639	1
3327	0	1	723.281	154.352	1
3328	0	1	723.293	154.268	1
3329	0	1	723.315	154.14	1
3330	0	1	723.351	154.076	1
3331	0	1	723.381	153.977	1
3332	0	1	723.461	153.869	1
3333	0	1	723.242	154.439	1
3334	0	1	723.199	154.566	1
3335	0	1	723.148	154.69	1
3336	0	1	723.119	154.783	1
3337	0	1	723.065	155.11	1
3338	0	1	723.169	154.927	1
3339	0	1	723.213	154.938	1
3340	0	1	723.209	154.959	1
3341	0	1	723.368	154.686	1
3342	0	1	723.292	154.801	1
3343	0	1	723.303	154.728	1
3344	0	1	723.34	154.752	1
3345	0	1	723.155	154.921	1
3346	0	1	723.038	155.112	1
3347	0	1	723.072	155.176	1
3348	0	1	723.15	154.9	1
3349	0	1	718.929	160.473	1
3350	0	1	711.889	168.447	1
3351	0	1	707.33	172.063	1
3352	0	1	707.117	172.265	1
3353	0	1	703.745	174.909	1
3354	0	1	701.009	177.153	1
3355	0	1	700.106	177.453	1
3356	0	1	698.824	178.346	1
3357	0	1	696.827	179.776	1
3358	0	1	696.72	179.845	1
3359	0	1	690.685	180.59	1
3360	0	1	683.344	179.107	1
3361	0	1	677.659	175.886	1
3362	0	1	675.003	173.791	1
3363	0	1	673.587	172.79	1
3364	0	1	673.551	172.783	1
3365	0	1	671.868	171.731	1
3366	0	1	669.667	170.365	1
3367	0	1	668.71	170.03	1
3368	0	1	667.802	169.686	1
3369	0	1	667.806	169.826	1
3370	0	1	667.901	169.935	1
3371	0	1	667.484	169.779	1
3372	0	1	667.875	170.32	1
3373	0	1	667.932	170.418	1
3374	0	1	667.851	170.419	1
3375	0	1	667.736	170.486	1
3376	0	1	667.729	170.491	1
3377	0	1	667.727	170.426	1
3378	0	1	667.785	170.367	1
3379	0	1	668.225	170.687	1
3380	0	1	668.035	170.342	1
3381	0	1	668.432	170.648	1
3382	0	1	668.441	170.687	1
3383	0	1	668.472	170.796	1
3384	0	1	668.499	170.822	1
3385	0	1	668.53	170.857	1
3386	0	1	668.326	170.76	1
3387	0	1	668.884	171.242	1
3388	0	1	668.95	171.3	1
3389	0	1	667.51	170.427	1
3390	0	1	663.623	163.476	1
3391	0	1	660.848	153.092	1
3392	0	1	659.29	143.86	1
3393	0	1	658.928	138.197	1
3394	0	1	658.967	138.129	1
3395	0	1	658.309	133.664	1
3396	0	1	657.829	131.798	1
3397	0	1	657.191	127.889	1
3398	0	1	660.96	123.463	1
3399	0	1	665.76	120.754	1
3400	0	1	673.323	116.755	1
3401	0	1	673.632	116.564	1
3402	0	1	680.872	113.27	1
3403	0	1	687.425	110.576	1
3404	0	1	692.338	108.896	1
3405	0	1	695.654	107.624	1
3406	0	1	697.471	106.843	1
3407	0	1	697.49	106.832	1
3408	0	1	698.616	106.422	1
3409	0	1	699.464	105.998	1
3410	0	1	699.698	105.918	1
3411	0	1	699.651	105.908	1
3412	0	1	699.212	105.97	1
3413	0	1	699.176	105.977	1
3414	0	1	699.479	105.879	1
3415	0	1	699.533	105.923	1
3416	0	1	699.918	105.719	1
3417	0	1	699.814	105.702	1
3418	0	1	699.968	105.575	1
3419	0	1	700	105.558	1
3420	0	1	699.952	105.368	1
3421	0	1	700.351	105.193	1
3422	0	1	699.708	105.186	1
3423	0	1	699.275	105.227	1
3424	0	1	699.593	105.166	1
3425	0	1	699.689	105.147	1
3426	0	1	700.204	104.979	1
3427	0	1	699.976	105.07	1
3428	0	1	699.175	105.347	1
3429	0	1	699.407	105.417	1
3430	0	1	699.311	105.631	1
3431	0	1	699.331	105.651	1
3432	0	1	699.705	105.661	1
3433	0	1	699.934	105.731	1
3434	0	1	699.627	105.952	1
3435	0	1	700.272	105.918	1
3436	0	1	707.432	104.816	1
3437	0	1	708.065	104.718	1
3438	0	1	708.672	104.389	1
3439	0	1	708.436	103.863	1
3440	0	1	708.868	103.322	1
3441	0	1	707.752	102.878	1
3442	0	1	707.201	103.024	1
3443	0	1	707.224	103.062	1
3444	0	1	709.888	102.06	1
3445	0	1	712.938	100.639	1
3446	0	1	712.978	99.3834	1
3447	0	1	711.709	98.824	1
3448	0	1	713.39	98.3001	1
3449	0	1	713.671	98.2457	1
3450	0	1	718.889	95.7064	1
3451	0	1	722.71	93.7232	1
3452	0	1	725.386	92.689	1
3453	0	1	726.497	92.5285	1
3454	0	1	726.311	92.6528	1
3455	0	1	726.248	92.6851	1
3456	0	1	725.915	92.7115	1
3457	0	1	725.297	93.9508	1
3461	0	1	733.221	89.4703	1
3462	0	1	732.849	89.2349	1
3463	0	1	732.808	89.1093	1
3464	0	1	732.459	89.0827	1
3465	0	1	732.524	88.6841	1
4120	0	1	720.896	36.3317	1
4121	0	1	720.91	36.5016	1
4122	0	1	720.894	36.8392	1
4123	0	1	720.835	36.8999	1
4124	0	1	720.83	36.8877	1
4125	0	1	721.113	36.8146	1
4126	0	1	721.317	36.6388	1
4127	0	1	720.973	36.9199	1
4128	0	1	721.143	36.7379	1
4129	0	1	721.127	36.8827	1
4130	0	1	721.104	36.9176	1
4131	0	1	721.105	36.9153	0
4132	0	1	721.105	36.9159	0
