X1	Y1	ProbId1	
966.44	242.17	NaN
982.72	231.53	NaN
982.27	229.71	NaN
966.5	241.9	NaN
966.6	242.13	NaN
966.43	241.7	NaN
966.41	241.61	NaN
967.2	243.79	NaN
968.19	248.66	NaN
967.39	255.08	NaN
967.05	257.75	NaN
966.29	261.09	NaN
966.3	261.49	NaN
965.77	263.12	NaN
964.78	264.6	NaN
963.41	269.81	NaN
963.29	269.54	NaN
963.29	269.9	NaN
963.28	269.88	NaN
963.67	266.62	NaN
963.72	266.58	NaN
963.63	266.77	NaN
963.64	266.31	NaN
963.69	265.97	NaN
963.69	265.97	NaN
963.62	266.67	NaN
963.6	266.47	NaN
963.6	266.13	NaN
963.46	267.03	NaN
963.47	266.78	NaN
963.47	266.78	NaN
963.46	266.71	NaN
963.31	267.03	NaN
963.01	266.62	NaN
959.59	271.66	NaN
955.51	275.88	NaN
955.51	275.86	NaN
951.5	281.16	NaN
949.13	283.72	NaN
947.46	284.52	NaN
944.73	288.39	NaN
939	300.16	NaN
939	300.16	NaN
934.61	310.21	NaN
930.88	317.68	NaN
927.86	322.86	NaN
924.98	328.58	NaN
924.54	328.64	NaN
924.35	329	NaN
921.49	334.02	NaN
921.03	333.91	NaN
918.88	336.89	NaN
916.89	340.17	NaN
915.9	341.78	NaN
915.65	342.34	NaN
918.16	337.67	NaN
918.02	338.34	NaN
917.76	338.88	NaN
917.89	338.47	NaN
918.28	337.72	NaN
918.32	337.58	NaN
916.37	341.38	NaN
916.18	341.63	NaN
916.49	341.03	NaN
916.49	341.03	NaN
916.33	341.34	NaN
916.35	341.24	NaN
916.42	341	NaN
916.51	340.94	NaN
916.38	341.22	NaN
918.04	337.77	NaN
918.54	337.39	NaN
918.61	337.28	NaN
918.82	336.53	NaN
918.35	337.44	NaN
918.7	336.69	NaN
918.56	337.19	NaN
918.44	337.5	NaN
918.59	337.28	NaN
918.91	336.58	NaN
918.34	337.84	NaN
918.22	338.21	NaN
918.46	337.88	NaN
918.51	337.79	NaN
918.51	337.79	NaN
918.27	337.85	NaN
917.83	338.33	NaN
918.01	338.15	NaN
918.36	337.23	NaN
918.06	337.82	NaN
916.79	340.41	NaN
916.56	341.02	NaN
916.39	341.31	NaN
916.76	340.42	NaN
916.29	341.41	NaN
916.33	341.39	NaN
916.33	341.39	NaN
916.7	340.79	NaN
916.88	340.79	NaN
917.31	339.67	NaN
918.11	338.1	NaN
918.3	337.69	NaN
918.6	337.06	NaN
918.69	336.75	NaN
918.69	336.77	NaN
916.57	340.92	NaN
917.89	338.14	NaN
917.65	338.56	NaN
917.65	338.56	NaN
916.65	340.67	NaN
917.81	338.04	NaN
916.44	340.98	NaN
916.32	341.32	NaN
916.81	340.24	NaN
917.03	339.75	NaN
916.72	340.63	NaN
916.83	340.44	NaN
916.82	340.5	NaN
918.18	337.78	NaN
918.01	338.16	NaN
918.01	337.9	NaN
918.26	337.52	NaN
918.31	337.49	NaN
918.11	338.17	NaN
916.29	341.71	NaN
916.46	341.32	NaN
916.46	341.32	NaN
916.5	341.2	NaN
916.8	340.61	NaN
916.85	340.65	NaN
916.61	340.95	NaN
916.43	341.38	NaN
916.64	340.94	NaN
916.43	341.28	NaN
916.25	341.62	NaN
917.78	338.69	NaN
917.95	338.23	NaN
918.02	338	NaN
917.9	338.24	NaN
917.93	338.38	NaN
917.91	338.29	NaN
916.64	341.2	NaN
916.45	341.4	NaN
918.45	337.81	NaN
918.45	337.81	NaN
916.74	341.1	NaN
916.16	341.86	NaN
916.6	341.08	NaN
916.54	341.22	NaN
916.46	341.35	NaN
917.99	338.22	NaN
918.06	338.02	NaN
918.05	337.93	NaN
917.95	338.05	NaN
917.97	338.04	NaN
916.79	340.51	NaN
916.52	341.02	NaN
916.67	340.55	NaN
916.56	340.98	NaN
916.34	341.57	NaN
916.47	341.33	NaN
916.87	340.42	NaN
916.79	340.57	NaN
916.92	340.35	NaN
917.35	339.52	NaN
918.84	336.5	NaN
918.8	336.59	NaN
918.88	336.51	NaN
918.83	336.57	NaN
918.63	336.94	NaN
917.28	339.73	NaN
916.78	340.7	NaN
918.64	337.17	NaN
918.49	337.53	NaN
918.49	337.53	NaN
916.52	340.93	NaN
916.36	341.44	NaN
916.28	341.65	NaN
916.17	341.82	NaN
917.73	338.88	NaN
917.73	338.88	NaN
918.27	337.82	NaN
918.27	337.82	NaN
916.76	340.75	NaN
916.59	341.06	NaN
916.99	340.16	NaN
917.04	339.89	NaN
916.07	341.92	NaN
916.13	341.78	NaN
916.47	341.17	NaN
916.22	341.67	NaN
916.95	339.95	NaN
917.04	339.76	NaN
917.69	338.71	NaN
917.62	339.11	NaN
918.31	337.98	NaN
918.04	338.06	NaN
918.06	337.81	NaN
918.04	337.92	NaN
918.11	337.83	NaN
918.47	337.99	NaN
918.52	337.42	NaN
918.43	337.95	NaN
916.33	341.47	NaN
916.6	340.83	NaN
916.28	341.54	NaN
916.25	341.74	NaN
915.99	342.25	NaN
918.8	337.15	NaN
918.36	337.13	NaN
918.21	337.92	NaN
918.21	337.92	NaN
916.35	341.14	NaN
916.34	341.27	NaN
916.9	340.22	NaN
916.6	340.77	NaN
916.56	340.81	NaN
916.56	340.81	NaN
916.39	341.15	NaN
918.18	337.79	NaN
918.21	337.79	NaN
918.08	338.02	NaN
918.02	338.18	NaN
918.26	337.72	NaN
918.33	337.64	NaN
918.37	337.44	NaN
918.22	337.81	NaN
917.69	338.94	NaN
916	342.15	NaN
916	342.15	NaN
916.01	342.25	NaN
915.92	342.5	NaN
915.97	342.41	NaN
915.89	342.57	NaN
916.58	341.03	NaN
916.58	341.03	NaN
916.19	341.76	NaN
917.65	338.46	NaN
917.58	338.84	NaN
917.64	338.87	NaN
917.79	338.36	NaN
917.98	337.85	NaN
916.16	341.72	NaN
916.53	341	NaN
916.17	341.84	NaN
916.26	341.87	NaN
915.78	342.72	NaN
915.78	342.72	NaN
915.98	342.06	NaN
915.96	342.41	NaN
915.92	342.38	NaN
917.82	338.66	NaN
918.23	338.12	NaN
918.29	337.99	NaN
918.49	337.16	NaN
918.01	337.68	NaN
917.87	337.98	NaN
918.25	337.16	NaN
918.31	336.96	NaN
918.31	336.96	NaN
917.77	338.08	NaN
916.14	341.57	NaN
915.95	341.85	NaN
917.65	338.57	NaN
918.02	337.88	NaN
918.03	337.81	NaN
918.07	337.69	NaN
918.26	337.5	NaN
918.03	338.3	NaN
917.8	338.6	NaN
918.09	338.19	NaN
918.09	338.19	NaN
918.01	338.26	NaN
918.15	337.95	NaN
918.06	337.94	NaN
917.88	338.04	NaN
917.91	337.95	NaN
917.93	337.89	NaN
916.53	340.82	NaN
906.61	352.49	NaN
897.78	361.6	NaN
896.93	362.2	NaN
894.89	364.25	NaN
894.89	364.25	NaN
891.18	367.05	NaN
885.28	372.07	NaN
887.85	369.13	NaN
879.69	375.84	NaN
884.26	371.17	NaN
884.26	371.17	NaN
876.29	377.06	NaN
882.37	371.4	NaN
883.12	371.3	NaN
882.05	372.2	NaN
882.9	371.2	NaN
882.67	371.34	NaN
877.1	376.02	NaN
876.92	376.3	NaN
875.86	376.67	NaN
875.77	376.72	NaN
876.26	376.51	NaN
876.21	376.59	NaN
876.37	376.19	NaN
882.87	371.42	NaN
882.79	371.51	NaN
876.8	376.74	NaN
877.13	376.7	NaN
883.32	371.21	NaN
884.7	370.29	NaN
884.47	370.43	NaN
875.26	379.21	NaN
875.26	380.38	NaN
864.85	391.51	NaN
864.08	392.23	NaN
856.56	399.46	NaN
850.71	404.83	NaN
843.43	411.79	NaN
839.58	415.22	NaN
835.92	418.19	NaN
836.77	417.23	NaN
834.05	419.34	NaN
832.22	420.76	NaN
829.23	422.86	NaN
828.02	423.64	NaN
826.31	424.85	NaN
825.93	424.99	NaN
825.2	425.79	NaN
825.74	426.07	NaN
827.8	424.43	NaN
826.41	425.78	NaN
825.92	426.11	NaN
826.33	425.74	NaN
826.01	426.05	NaN
825.43	426.24	NaN
825.83	425.77	NaN
825.68	425.74	NaN
824.29	426.99	NaN
824.29	426.99	NaN
826.21	425.23	NaN
826.03	425.39	NaN
826.12	425.33	NaN
826.89	424.76	NaN
826.89	424.76	NaN
826.89	424.76	NaN
826.62	425.41	NaN
825.93	425.95	NaN
826.32	425.8	NaN
826.39	425.73	NaN
826.4	425.78	NaN
826.4	425.78	NaN
827.11	425.45	NaN
827.89	424.66	NaN
827.4	425.14	NaN
828.17	424.2	NaN
827.57	424.58	NaN
827.57	424.58	NaN
826.84	425.29	NaN
826.11	425.78	NaN
825.91	426.06	NaN
825.21	426.52	NaN
819.75	431.46	NaN
826.69	424.95	NaN
826.73	425.01	NaN
826.7	425	NaN
825.93	426.01	NaN
826.48	425.63	NaN
826.91	425.43	NaN
827.55	424.95	NaN
826.79	425.58	NaN
827.42	425.09	NaN
827.51	424.87	NaN
827.19	425.2	NaN
826.97	425.28	NaN
827.31	424.99	NaN
827.12	425.27	NaN
826.66	425.79	NaN
827.08	425.13	NaN
827.25	424.75	NaN
826.31	425.61	NaN
826.44	425.37	NaN
826.65	425.16	NaN
826.92	424.79	NaN
827.43	424.31	NaN
826.54	425.29	NaN
826.32	425.55	NaN
826.19	425.65	NaN
827.28	424.81	NaN
827.66	424.53	NaN
827.25	425.24	NaN
827.49	425.04	NaN
827.34	425.47	NaN
827.47	425.32	NaN
827.5	425.27	NaN
827.09	425.36	NaN
827.08	425.29	NaN
827.37	424.85	NaN
827.46	424.68	NaN
827.43	424.66	NaN
826.97	425.02	NaN
826.91	425.06	NaN
826.57	425.33	NaN
826.34	425.36	NaN
826.79	424.88	NaN
820.72	430.82	NaN
820.72	430.82	NaN
820.76	430.74	NaN
821.63	429.94	NaN
827.02	425.25	NaN
826.91	425.31	NaN
820.48	431.75	NaN
821.11	431.18	NaN
820.98	431.38	NaN
820.36	431.98	NaN
820.03	432.13	NaN
820.16	432.12	NaN
820.48	431.74	NaN
820.48	431.74	NaN
820.67	431.38	NaN
826.28	426.1	NaN
826.47	425.85	NaN
820.44	431.25	NaN
821.14	430.44	NaN
826.86	425.33	NaN
827.2	424.84	NaN
826.51	425.29	NaN
826.18	425.6	NaN
826.73	425.51	NaN
826.89	425.43	NaN
826.88	425.46	NaN
826.54	425.81	NaN
826.58	425.82	NaN
826.44	426.01	NaN
826.74	426.18	NaN
826.34	426.55	NaN
826.4	426.52	NaN
820.68	431.64	NaN
820.75	431.58	NaN
820.9	431.33	NaN
826.78	425.73	NaN
826.7	425.59	NaN
826.54	425.74	NaN
826.54	425.64	NaN
821.87	429.87	NaN
822.05	429.78	NaN
822.31	429.43	NaN
821.94	429.71	NaN
821.95	429.68	NaN
827.4	424.82	NaN
827.52	424.79	NaN
821.64	430.12	NaN
826.17	425.82	NaN
826.23	425.82	NaN
826.14	425.89	NaN
825.54	426.65	NaN
825.28	427.02	NaN
825.39	426.91	NaN
824.64	427.22	NaN
826.39	425.99	NaN
826.66	425.83	NaN
826.5	425.78	NaN
827.04	425.22	NaN
827.37	424.7	NaN
826.57	425.31	NaN
824.24	427.23	NaN
824.24	427.23	NaN
824.35	426.99	NaN
824.8	426.54	NaN
818.36	432.73	NaN
818.53	432.78	NaN
818.98	432.38	NaN
818.84	432.57	NaN
819.5	432.36	NaN
819.52	432.19	NaN
820.89	430.82	NaN
827.38	424.86	NaN
826.82	425.42	NaN
827.11	425.25	NaN
827.13	425.22	NaN
827.12	425.21	NaN
826.92	425.47	NaN
821.42	430.3	NaN
826.05	425.57	NaN
826.05	425.57	NaN
825.19	425.93	NaN
825.1	425.93	NaN
818.54	431.87	NaN
818.84	431.22	NaN
820.24	429.99	NaN
820.24	429.99	NaN
825.49	426.02	NaN
826.02	425.75	NaN
820.59	431.28	NaN
826.77	425.54	NaN
826.95	425.48	NaN
826.95	425.48	NaN
826.21	426.15	NaN
826.17	426.18	NaN
826.86	425.41	NaN
826.66	425.66	NaN
827.08	425.28	NaN
827.38	425.07	NaN
826.35	425.94	NaN
826.68	425.6	NaN
827.03	425.05	NaN
825.23	426.54	NaN
825.04	426.58	NaN
825.04	426.58	NaN
826.33	425.67	NaN
825.65	426.26	NaN
826.45	425.73	NaN
827.44	424.58	NaN
827.49	424.57	NaN
827.23	424.84	NaN
826.41	425.91	NaN
826.2	426.06	NaN
826.67	425.55	NaN
826.96	425.39	NaN
828.15	424.31	NaN
827.83	424.67	NaN
827.77	424.59	NaN
827.51	424.84	NaN
826.72	425.52	NaN
825.92	426.05	NaN
825.92	426.05	NaN
825.92	426.05	NaN
825.97	425.97	NaN
825.51	426.32	NaN
826.05	425.82	NaN
819.49	431.9	NaN
824.98	426.33	NaN
824.98	426.33	NaN
826.48	425.09	NaN
826.84	425.08	NaN
827.21	424.97	NaN
827.12	425.1	NaN
826.55	425.44	NaN
826.66	425.39	NaN
826.48	425.83	NaN
826.89	425.43	NaN
825.92	426.38	NaN
827.16	425.43	NaN
827.09	425.38	NaN
827.09	425.38	NaN
827.63	424.59	NaN
827.42	424.69	NaN
826.89	425.4	NaN
827	425.1	NaN
827.38	424.78	NaN
827.38	424.78	NaN
826.94	425.19	NaN
826.96	425.09	NaN
827.3	424.91	NaN
827.47	424.66	NaN
827.22	424.84	NaN
827.51	424.66	NaN
827.08	425.24	NaN
826.14	426.42	NaN
825.51	427.05	NaN
825.87	427.02	NaN
826.02	426.84	NaN
826.35	426.51	NaN
826.22	426.55	NaN
826.64	425.99	NaN
827.16	425.4	NaN
826.87	425.48	NaN
826.86	425.31	NaN
825.66	426.35	NaN
826.65	425.34	NaN
819.23	431.47	NaN
812.94	436.05	NaN
808.3	439.59	NaN
805.11	442.06	NaN
805.78	441.79	NaN
801	444.49	NaN
801.43	444.83	NaN
798.7	446.31	NaN
797.89	446.55	NaN
800.27	445.29	NaN
800.27	445.29	NaN
797.4	446.78	NaN
798.87	446.66	NaN
797.59	447.56	NaN
799.55	446.47	NaN
799.75	446.3	NaN
799.75	446.29	NaN
799.36	446.24	NaN
798.2	446.84	NaN
799.02	446.2	NaN
799.2	446.06	NaN
798.5	446.44	NaN
798.5	446.44	NaN
799.48	445.84	NaN
799.14	446.27	NaN
798.76	446.59	NaN
798.73	446.73	NaN
798.34	447.11	NaN
798.41	447.09	NaN
798.62	447.07	NaN
798.83	447.02	NaN
798.62	447.36	NaN
801.09	445.97	NaN
800.46	446.3	NaN
801.7	445.43	NaN
801.59	445.47	NaN
801.08	445.64	NaN
800.77	445.71	NaN
802.66	444.61	NaN
799.73	445.95	NaN
800.01	445.46	NaN
800.01	445.46	NaN
799.72	445.62	NaN
799.12	445.9	NaN
798.64	446.22	NaN
801.42	445	NaN
800.78	445.48	NaN
800.78	445.48	NaN
799.54	446.29	NaN
800.93	445.67	NaN
800.28	446.18	NaN
802.16	445.18	NaN
801.75	445.43	NaN
801.75	445.43	NaN
800.16	446.4	NaN
799.75	446.49	NaN
800.29	446.01	NaN
800.28	445.9	NaN
798.13	446.99	NaN
800.44	445.81	NaN
800.61	445.7	NaN
800.3	445.4	NaN
800.86	445.08	NaN
801	445.02	NaN
797.8	446.66	NaN
798.17	446.4	NaN
785.11	448.36	NaN
775.1	448.14	NaN
767.38	446.89	NaN
758.17	444.86	NaN
759.53	445.28	NaN
758.98	445.13	NaN
762.61	446.39	NaN
751.4	443.09	NaN
749.14	442.87	NaN
747.9	442.99	NaN
731.56	450.88	NaN
731.56	450.88	NaN
711.21	463.37	NaN
703.42	467.25	NaN
704.19	465.09	NaN
696.46	469.1	NaN
690.92	471.47	NaN
690.97	471.46	NaN
681.05	477.34	NaN
682.09	475.49	NaN
679.84	476.38	NaN
676.66	477.38	NaN
675.35	477.56	NaN
675.35	477.56	NaN
674.54	477.31	NaN
673.16	477.82	NaN
673.28	478.03	NaN
674.45	477.45	NaN
676.94	476.2	NaN
677.14	476.07	NaN
676.71	476.34	NaN
677.61	475.69	NaN
677.65	475.54	NaN
674.7	477.19	NaN
674.09	477.38	NaN
674.09	477.38	NaN
673.78	477.4	NaN
674.26	477.1	NaN
673.88	477.3	NaN
674.44	476.9	NaN
674.79	476.64	NaN
674.79	476.64	NaN
674.36	477.11	NaN
674.13	477.41	NaN
673.2	478.09	NaN
674.47	477.48	NaN
670.12	480.31	NaN
670.12	480.31	NaN
674.4	477.5	NaN
676.36	476.35	NaN
674.95	477.29	NaN
675.35	476.86	NaN
675.54	476.78	NaN
675.66	476.68	NaN
674.68	476.92	NaN
673.9	477.27	NaN
674.06	477.17	NaN
674.45	476.74	NaN
673.81	477.15	NaN
673.81	477.15	NaN
674.3	476.88	NaN
674.14	477.01	NaN
673.48	477.43	NaN
672.43	478.27	NaN
674.47	476.94	NaN
674.47	476.94	NaN
675.16	476.84	NaN
675.46	476.69	NaN
674.47	477.4	NaN
675.12	477.19	NaN
674.66	477.15	NaN
674.66	477.15	NaN
673.91	477.5	NaN
677.37	475.59	NaN
676.75	476.01	NaN
674.84	477.07	NaN
675.07	476.8	NaN
675.07	476.8	NaN
674.75	476.96	NaN
673.01	477.86	NaN
673.94	477.12	NaN
678.05	474.67	NaN
676.29	475.66	NaN
676.08	475.79	NaN
674.46	476.93	NaN
674.56	476.97	NaN
674.87	476.98	NaN
675.31	476.59	NaN
674.96	476.92	NaN
674.29	477.35	NaN
677.49	475.62	NaN
674.75	477.15	NaN
674.8	477.1	NaN
678.01	475.38	NaN
675.22	477.15	NaN
671.31	479.76	NaN
674.02	477.31	NaN
674.32	477.09	NaN
674.82	476.83	NaN
674.52	477.01	NaN
674.04	477.09	NaN
674.57	476.89	NaN
674.6	476.89	NaN
674.77	476.79	NaN
675	476.67	NaN
674.88	476.91	NaN
671.39	479.17	NaN
671.16	479.33	NaN
671.39	479.26	NaN
670.87	479.39	NaN
671.05	479.56	NaN
671.86	479.27	NaN
671.72	479.35	NaN
671.71	479.32	NaN
674.75	477.14	NaN
675.05	476.83	NaN
675.69	476.41	NaN
675.84	476.37	NaN
676.57	475.88	NaN
676.57	475.88	NaN
676.05	476.21	NaN
674.9	476.85	NaN
675.7	476.21	NaN
676.15	475.93	NaN
675.27	476.51	NaN
675.27	476.51	NaN
671.68	479.01	NaN
671.14	479.35	NaN
669.43	480.45	NaN
673.99	477.63	NaN
674.38	477.42	NaN
674.37	477.41	NaN
674.84	477.14	NaN
674.03	477.57	NaN
673.99	477.57	NaN
675.39	476.63	NaN
673.43	477.79	NaN
673.43	477.79	NaN
673.8	477.58	NaN
674.26	477.29	NaN
675.23	476.72	NaN
674.47	477.16	NaN
674.59	476.97	NaN
674.59	476.97	NaN
674.94	476.81	NaN
675.2	476.65	NaN
674.49	477.21	NaN
674.18	477.34	NaN
675.52	476.72	NaN
675.52	476.72	NaN
674.67	477.1	NaN
674.07	477.32	NaN
674.53	477.23	NaN
673.84	477.5	NaN
673.96	477.38	NaN
675.08	476.82	NaN
675.31	476.61	NaN
675.37	476.58	NaN
674.4	477.22	NaN
674.45	477.4	NaN
674.65	477.16	NaN
674.77	477.05	NaN
675.21	476.68	NaN
674.54	477.05	NaN
674	477.3	NaN
674.61	476.98	NaN
673.88	477.55	NaN
673.83	477.53	NaN
673.83	477.53	NaN
674.92	477.1	NaN
674.92	477.12	NaN
675	476.95	NaN
675.32	476.89	NaN
674.69	477.06	NaN
674.05	477.46	NaN
673.91	477.55	NaN
674.34	477.28	NaN
674.21	477.34	NaN
674.26	477.38	NaN
673.26	477.89	NaN
673.8	477.64	NaN
674.49	477.2	NaN
674.51	477.09	NaN
674.66	476.98	NaN
674.11	477.24	NaN
674.84	476.74	NaN
674.89	476.69	NaN
674.14	477.27	NaN
674.28	477.33	NaN
670.88	479.49	NaN
674.91	477.16	NaN
675.33	477.02	NaN
674.95	477.26	NaN
675.96	476.6	NaN
678.65	475.09	NaN
674.14	477.73	NaN
674.86	477.25	NaN
674.29	477.5	NaN
674.29	477.5	NaN
669.83	479.96	NaN
674.1	477.62	NaN
673.87	477.57	NaN
674.24	477.33	NaN
673.69	477.52	NaN
673.55	477.6	NaN
674.02	477.24	NaN
673.72	477.34	NaN
673.79	477.45	NaN
674.07	477.49	NaN
674.23	477.41	NaN
674.23	477.41	NaN
669.57	480.28	NaN
668.99	480.68	NaN
672.99	478.4	NaN
674.51	477.63	NaN
674.44	477.73	NaN
675.69	477.05	NaN
675.36	477.28	NaN
674.06	477.88	NaN
674.06	477.88	NaN
673.4	477.97	NaN
673.36	477.88	NaN
673.17	478.01	NaN
674.36	477.3	NaN
674.29	477.37	NaN
673.18	477.88	NaN
673.98	477.33	NaN
670.9	479.17	NaN
670.9	479.17	NaN
669.36	480.3	NaN
670	480.02	NaN
670.52	480.1	NaN
665.06	481.66	NaN
661.98	482.09	NaN
661.96	482.09	NaN
653.49	482.56	NaN
642	482.56	NaN
637.8	481.9	NaN
633.03	480.92	NaN
630.35	480.52	NaN
630.15	480.5	NaN
630.45	480.31	NaN
630.1	479.85	NaN
629.23	479.67	NaN
625.89	478.57	NaN
618.38	483.93	NaN
618.38	483.93	NaN
610.1	489.3	NaN
604.84	493.33	NaN
597.31	498.93	NaN
591.34	503.07	NaN
586.1	506.99	NaN
586.1	506.99	NaN
581.17	511.21	NaN
579.36	511.92	NaN
578.08	512.28	NaN
576.66	512.93	NaN
576.56	512.26	NaN
576.56	512.26	NaN
576.65	512.52	NaN
575.98	513.22	NaN
576.02	513.28	NaN
575.5	513.7	NaN
575.03	514.19	NaN
575.16	514.06	NaN
575.5	513.75	NaN
575.69	513.51	NaN
575.75	513.48	NaN
576.26	512.79	NaN
576.22	513.14	NaN
575.7	513.59	NaN
575.88	513.43	NaN
575.69	513.54	NaN
575.47	514.12	NaN
574.73	514.89	NaN
575.05	514.65	NaN
575.04	514.66	NaN
575.1	514.64	NaN
575.74	514.09	NaN
575.72	514.1	NaN
575.55	514.24	NaN
575.52	514.18	NaN
575.65	513.94	NaN
576.02	513.7	NaN
576.42	513.12	NaN
576.95	512.49	NaN
576.95	512.45	NaN
576.65	512.57	NaN
576.21	512.95	NaN
576.54	512.59	NaN
576.62	512.52	NaN
576.5	512.68	NaN
576.56	512.66	NaN
577.27	512.04	NaN
577.24	512.07	NaN
576.86	512.74	NaN
576.32	513.3	NaN
575.98	513.63	NaN
576.8	512.9	NaN
576.8	512.9	NaN
576.96	512.82	NaN
576.92	512.93	NaN
576.49	513.29	NaN
575.13	514.84	NaN
567.37	516.64	NaN
565.48	510.54	NaN
565.48	510.54	NaN
562.97	507.8	NaN
554.76	501.03	NaN
550.6	496.92	NaN
548.95	494.5	NaN
547.41	492.56	NaN
547.66	492.76	NaN
539.49	483.84	NaN
534.79	477.33	NaN
528.62	469.69	NaN
524.68	464.96	NaN
520.12	459.01	NaN
520.12	459.01	NaN
518.05	455.96	NaN
517.31	454.75	NaN
516.75	453.51	NaN
512.77	447.56	NaN
510.39	438.64	NaN
510.39	438.64	NaN
507.44	428.35	NaN
504.89	419.01	NaN
502.64	408.75	NaN
501.58	403.06	NaN
500.46	398.57	NaN
500.48	398.5	NaN
499.81	393.95	NaN
499.28	390.57	NaN
498.38	380.32	NaN
495.22	364.44	NaN
493.97	357.96	NaN
493.94	358	NaN
488.85	335.03	NaN
486.37	323.12	NaN
485.33	315.97	NaN
484.14	309.71	NaN
484.03	305.85	NaN
484.04	305.86	NaN
481.94	300.68	NaN
482.64	290.17	NaN
485.75	270.14	NaN
487.61	258.06	NaN
491.78	236.5	NaN
491.69	236.88	NaN
494.46	222.61	NaN
495.72	217.78	NaN
496.48	212.45	NaN
498.11	204.46	NaN
499.23	199.18	NaN
499.23	199.18	NaN
500.28	194.66	NaN
501.44	192.79	NaN
501.23	193.11	NaN
502.21	190.13	NaN
502.24	189.45	NaN
502.24	189.45	NaN
502.76	188.86	NaN
502.53	190.85	NaN
501.5	194.18	NaN
501.98	192.1	NaN
501.85	193.01	NaN
501.89	192.69	NaN
501.94	192.42	NaN
501.96	191.92	NaN
501.97	191.95	NaN
501.47	192.7	NaN
502.16	190.46	NaN
502.08	191.84	NaN
502.08	191.84	NaN
501.51	193.58	NaN
501.25	194.41	NaN
501.05	195.24	NaN
501.24	194.97	NaN
501.26	194.99	NaN
501.26	194.99	NaN
501.16	195.6	NaN
499.23	190.12	NaN
491.73	185.11	NaN
485.89	178.91	NaN
476.41	168.21	NaN
476.15	167.99	NaN
472.5	163.98	NaN
466.42	157.49	NaN
466.62	157.88	NaN
464.77	156.01	NaN
460.13	150.89	NaN
460.23	150.98	NaN
446.41	144.09	NaN
434.29	137.23	NaN
430.91	135.36	NaN
425.64	132.61	NaN
416.56	128.2	NaN
416.56	128.2	NaN
407.41	124.48	NaN
397.04	120.57	NaN
392.82	118.9	NaN
390.07	118.21	NaN
385.68	119.56	NaN
385.68	119.56	NaN
375.03	120.77	NaN
368.92	121.92	NaN
362.29	122.84	NaN
352.61	125.07	NaN
356.78	123.2	NaN
356.75	123.27	NaN
352.15	124.41	NaN
351.03	124.7	NaN
350.18	124.78	NaN
347.64	125.74	NaN
345.82	126.11	NaN
346.15	125.99	NaN
349.83	124.84	NaN
350.25	124.81	NaN
350.6	124.7	NaN
350.24	124.78	NaN
349.48	125.01	NaN
349.29	125.08	NaN
349.38	125.06	NaN
351.16	124.57	NaN
350.05	124.9	NaN
349.89	124.91	NaN
350.24	124.86	NaN
351.72	124.33	NaN
349.59	125.04	NaN
350.02	125.02	NaN
350.16	124.9	NaN
349.31	125.36	NaN
348.91	125.34	NaN
348.99	125.31	NaN
348.74	125.3	NaN
349.53	125.09	NaN
351.88	124.24	NaN
352.42	124.28	NaN
351.1	124.57	NaN
351.22	124.47	NaN
349.79	124.83	NaN
349.69	124.63	NaN
351.04	124.48	NaN
349.2	125.15	NaN
344.77	126.52	NaN
346.15	126.12	NaN
350.25	124.89	NaN
351.84	124.11	NaN
352.36	123.91	NaN
348.32	125.58	NaN
351.93	123.99	NaN
351.67	124.05	NaN
349.07	125.05	NaN
349.02	125.15	NaN
349.11	125.1	NaN
349.53	124.84	NaN
347.04	125.87	NaN
347.04	125.87	NaN
350.12	124.66	NaN
350.13	124.79	NaN
350.61	124.9	NaN
352.51	124.03	NaN
348.01	126.02	NaN
348.01	126.02	NaN
349.2	126.13	NaN
342.62	135.17	NaN
337.93	145.96	NaN
338.84	144.86	NaN
335.75	153.14	NaN
335.92	152.66	NaN
335.12	156.85	NaN
334.8	159.65	NaN
335.11	161.22	NaN
335.45	162.56	NaN
335.75	163.28	NaN
335.75	163.28	NaN
335.9	163.08	NaN
336.03	161.76	NaN
335.92	162.05	NaN
335.92	162.21	NaN
335.87	162.3	NaN
335.84	162.4	NaN
335.89	162.55	NaN
335.89	162.75	NaN
335.91	162.96	NaN
335.84	163.3	NaN
335.84	163.39	NaN
335.85	163.43	NaN
335.98	163.26	NaN
335.89	163.52	NaN
335.81	163.72	NaN
336.05	163.15	NaN
336.07	162.96	NaN
335.98	163.16	NaN
335.89	163.27	NaN
335.79	163.16	NaN
335.82	163.19	NaN
336.14	162.66	NaN
335.87	162.95	NaN
335.64	163.69	NaN
335.39	164.32	NaN
334.76	168.77	NaN
336.84	181.17	NaN
339.74	190.84	NaN
341.54	197.42	NaN
341.57	197.46	NaN
344.03	204.6	NaN
345.86	210.09	NaN
347.45	214.15	NaN
349.89	220.76	NaN
351.97	237.55	NaN
351.98	237.46	NaN
352.4	244.71	NaN
353.74	255.31	NaN
354.97	265.1	NaN
355.94	270.64	NaN
357.34	277.94	NaN
357.34	277.94	NaN
358.46	283.36	NaN
359.44	286.36	NaN
360.04	289.77	NaN
359.18	304.36	NaN
358.89	314.35	NaN
358.89	314.35	NaN
358.74	322.7	NaN
358.97	330.34	NaN
358.99	331.97	NaN
359.27	337.73	NaN
359.58	341.2	NaN
359.58	341.2	NaN
360.7	344.03	NaN
360.66	346.59	NaN
361.46	349.6	NaN
364.05	359.55	NaN
373.29	373.44	NaN
373.29	373.44	NaN
375.01	376.31	NaN
377.35	379.94	NaN
380.03	383.42	NaN
381.46	384.98	NaN
383.57	387.71	NaN
383.73	387.88	NaN
385.96	390.42	NaN
386.79	390.77	NaN
392.22	397.39	NaN
398.68	404.3	NaN
406.95	412.45	NaN
407.03	412.53	NaN
414.51	419.93	NaN
421.81	427.29	NaN
425.4	430.67	NaN
429.34	434.26	NaN
431.69	436.03	NaN
431.77	436.05	NaN
434.68	438.09	NaN
439.96	442.48	NaN
450.77	446.33	NaN
469.04	451.11	NaN
471.94	452.4	NaN
471.94	452.4	NaN
488.72	455.71	NaN
486.99	455.49	NaN
501.26	458.2	NaN
504.63	458.88	NaN
499.49	457.32	NaN
501.22	457.39	NaN
501.46	457.41	NaN
517.84	467.67	NaN
525.1	477.83	NaN
531.57	484.66	NaN
540.94	495.32	NaN
549.52	505.45	NaN
549.56	505.49	NaN
556.3	512.81	NaN
562.14	519.35	NaN
567.19	525.29	NaN
570.88	528.53	NaN
574.14	531.67	NaN
574.14	531.67	NaN
577.42	534.65	NaN
583.15	538.81	NaN
590.73	540.04	NaN
600.53	541.54	NaN
610.76	542.97	NaN
610.76	542.97	NaN
614.2	543.54	NaN
621.36	544.06	NaN
628.01	544.28	NaN
632.19	544.28	NaN
646.69	545.35	NaN
646.54	545.38	NaN
665.74	543.54	NaN
681.33	543.07	NaN
698.58	541.95	NaN
722.64	539.87	NaN
722.64	539.58	NaN
722.64	539.58	NaN
742.33	536.96	NaN
749.76	535.91	NaN
741.52	536.56	NaN
756.44	534.79	NaN
760.26	533.89	NaN
759.97	533.91	NaN
766.59	532.34	NaN
777.54	529.31	NaN
790.82	525.69	NaN
791.42	525.61	NaN
805.35	520.92	NaN
805.03	521.07	NaN
812.41	518.57	NaN
810	519.33	NaN
812.66	518.22	NaN
822.6	515.09	NaN
832.35	515.21	NaN
832.2	515.18	NaN
851.43	517.89	NaN
867.74	518.76	NaN
882.35	519.51	NaN
890.67	519.76	NaN
897.34	519.98	NaN
897.34	519.98	NaN
904.38	519.47	NaN
908.46	519.04	NaN
910.53	518.92	NaN
914.07	518.72	NaN
913.42	517.64	NaN
913.42	517.64	NaN
919.49	510.57	NaN
922.07	501.63	NaN
928.32	488.25	NaN
933.28	476.77	NaN
936.37	468.05	NaN
936.33	468.14	NaN
938.94	460.03	NaN
940.65	451.71	NaN
941.56	447.01	NaN
942.6	441.51	NaN
941.54	433.27	NaN
941.54	433.27	NaN
939.63	412.28	NaN
938.75	391.99	NaN
938.09	378.6	NaN
937.1	364.67	NaN
936.65	359.15	NaN
936.65	359.15	NaN
935.18	346.32	NaN
933.77	335.41	NaN
932.29	328.35	NaN
931.09	322.79	NaN
931.38	314.91	NaN
931.4	314.74	NaN
941.61	300.69	NaN
951.4	283.93	NaN
961.08	269.52	NaN
969.02	258.18	NaN
974.82	249.22	NaN
974.82	249.22	NaN
980.83	240.43	NaN
981.28	238.16	NaN
985.09	231.92	NaN
981.39	233.28	NaN
988.07	228.84	NaN
988.07	228.84	NaN
987.27	226.29	NaN
989.99	224.8	NaN
988.96	225.35	NaN
988.92	224.95	NaN
990.87	221.78	NaN
990.87	221.78	NaN
989.33	224.37	NaN
988.02	223.78	NaN
988.79	224.75	NaN
988.8	220.96	NaN
988.3	222.45	NaN
988.3	222.45	NaN
989.34	220.29	NaN
989.44	219.35	NaN
987.78	220.14	NaN
987.27	219.12	NaN
1008.2	145.32	NaN
1006.6	148.35	NaN
987.06	218.76	NaN
987.18	216.57	NaN
986.23	215.71	NaN
986.11	213.57	NaN
985.95	211.92	NaN
985.7	212.17	NaN
986.92	209.65	NaN
986.53	208.91	NaN
986.81	207.74	NaN
985.71	205.25	NaN
985.79	204.44	NaN
986.53	205.08	NaN
986.8	202.78	NaN
987.22	201.53	NaN
987.48	198.19	NaN
986.93	198.32	NaN
986.83	196.97	NaN
986.88	196.79	NaN
986.14	196.35	NaN
985.89	194.49	NaN
984.89	195.28	NaN
986.22	193.1	NaN
983.99	190.13	NaN
983.99	190.13	NaN
983.22	188.89	NaN
983.14	189.2	NaN
982.94	188.73	NaN
982.91	189	NaN
982.37	188.84	NaN
982.21	189.01	NaN
982.07	187.24	NaN
981.83	186.69	NaN
981.1	186.56	NaN
981.27	186.04	NaN
980.03	186.47	NaN
980.03	186.47	NaN
979.58	185.91	NaN
979.97	185.05	NaN
979.18	184.45	NaN
978.6	185.13	NaN
977.93	184.78	NaN
978.66	185.55	NaN
977.75	184.93	NaN
977.29	184.53	NaN
977.19	184.01	NaN
976.7	182.82	NaN
977.04	182.32	NaN
976.88	181.96	NaN
976.84	177.94	NaN
978.68	174.93	NaN
980.57	171.84	NaN
975.41	164.69	NaN
995.55	136.05	NaN
993.52	138.18	NaN
970.59	157.49	NaN
975.73	152.68	NaN
967.48	154.04	NaN
977.66	151.75	NaN
970.54	160.39	NaN
970.54	160.39	NaN
983.81	135.01	NaN
971.62	142.44	NaN
986.02	126.47	NaN
969.38	137.39	NaN
968.39	136.23	NaN
968.39	136.23	NaN
966.7	135.35	NaN
966.29	132.92	NaN
975.23	103.06	NaN
978.07	105.5	NaN
967.19	107.03	NaN
967.19	107.03	NaN
963.47	100.01	NaN
960.85	94.213	NaN
962.33	98.478	NaN
964.88	95.889	NaN
964.08	90.661	NaN
964.19	90.53	NaN
963.68	88.95	NaN
963.53	90.855	NaN
962.79	90.735	NaN
962.73	87.251	NaN
965.38	80.603	NaN
961.09	75.389	NaN
961.09	75.389	NaN
961.82	77.057	NaN
962.01	77.562	NaN
961.41	74.296	NaN
962.2	76.85	NaN
961.07	72.078	NaN
961.43	72.839	NaN
961.38	74.045	NaN
961.96	76.209	NaN
962.05	75.802	NaN
959.05	71.28	NaN
961.48	74.404	NaN
960.67	73.493	NaN
966.41	73.248	NaN
968.74	68.145	NaN
954.57	59.11	NaN
957.03	60.213	NaN
956.55	62.966	NaN
958.73	64.713	NaN
960.42	67.959	NaN
959.69	70.143	NaN
960.89	71.296	NaN
961.97	73.367	NaN
962.51	75.77	NaN
962.24	74.924	NaN
963.13	79.466	NaN
963.58	83.709	NaN
963.71	86.579	NaN
963.41	89.051	NaN
962.94	87.841	NaN
962.94	87.841	NaN
962.72	86.18	NaN
963.34	83.424	NaN
962.45	82.384	NaN
962.74	83.653	NaN
963.05	85.47	NaN
963.25	86.951	NaN
963.47	86.83	NaN
963.7	87.606	NaN
963.78	87.896	NaN
963.6	87.093	NaN
963.38	86.477	NaN
963.38	86.477	NaN
963.72	87.87	NaN
963.91	89.168	NaN
963.57	87.035	NaN
963.86	87.894	NaN
963.47	87.398	NaN
963.47	87.398	NaN
967	85.65	NaN
963.6	87.58	NaN
963.93	90.053	NaN
963.54	87.336	NaN
963.61	88.818	NaN
963.61	88.818	NaN
963.61	87.66	NaN
963.7	88.268	NaN
963.59	87.5	NaN
963.61	88.166	NaN
963.6	87.414	NaN
963.59	87.497	NaN
963.76	88.399	NaN
964.65	91.883	NaN
964.63	94.625	NaN
964.53	93.561	NaN
964.7	94.202	NaN
964.7	94.202	NaN
964.25	89.575	NaN
963.4	85.399	NaN
963.21	84.61	NaN
963.95	88.646	NaN
964	88.743	NaN
964.83	89.094	NaN
963.75	87.588	NaN
963.78	88.189	NaN
963.57	87.018	NaN
963.7	87.226	NaN
967.2	89.604	NaN
965.72	89.662	NaN
964.14	90.606	NaN
979.04	85.549	NaN
964.14	89.41	NaN
963.73	87.839	NaN
964.04	89.073	NaN
964.08	89.126	NaN
963.58	86.791	NaN
973.45	87.373	NaN
963.83	88.662	NaN
968.45	87.398	NaN
963.24	85.656	NaN
963.8	88.571	NaN
963.77	87.825	NaN
964.02	88.683	NaN
963.82	88.047	NaN
964.51	89.275	NaN
970.3	89.776	NaN
966.79	88.241	NaN
963.68	88.819	NaN
963.99	89.699	NaN
967.85	89.952	NaN
964.37	91.943	NaN
974.31	87.405	NaN
964.16	91.004	NaN
964.54	92.788	NaN
963.45	86.254	NaN
964.2	91.007	NaN
964.26	90.742	NaN
964.34	91.496	NaN
964.34	91.496	NaN
961.73	87.87	NaN
964.16	90.096	NaN
964.31	90.757	NaN
964.93	86.925	NaN
963.84	87.477	NaN
963.81	87.309	NaN
970.48	85.907	NaN
964.85	88.102	NaN
968.09	89.601	NaN
964.06	89.823	NaN
963.68	86.925	NaN
965.47	87.418	NaN
963.66	87.443	NaN
963.86	88.522	NaN
963.98	89.476	NaN
963.95	89.625	NaN
967.52	88.151	NaN
967.38	88.604	NaN
963.76	87.631	NaN
963.48	87.206	NaN
963.72	87.835	NaN
963.74	88.295	NaN
964.17	89.384	NaN
964.16	89.621	NaN
963.88	89.269	NaN
964.45	91.064	NaN
963.91	89.354	NaN
964.29	90.935	NaN
964.65	87.294	NaN
964.57	87.343	NaN
964.63	91.627	NaN
964.27	89.374	NaN
963.96	88.014	NaN
964.09	88.614	NaN
965.52	88.857	NaN
964.14	89.196	NaN
964.79	92.819	NaN
964.3	90.621	NaN
964.85	93.181	NaN
964.87	93.329	NaN
964.69	92.513	NaN
964.69	92.513	NaN
964.69	92.256	NaN
964.87	93.091	NaN
964.9	93.155	NaN
964.86	92.812	NaN
964.76	92.3	NaN
964.76	92.3	NaN
964.67	91.874	NaN
964.54	91.144	NaN
964.31	90.079	NaN
969.11	90.822	NaN
977.11	84.71	NaN
970.61	88.459	NaN
964.31	91.858	NaN
964.53	91.43	NaN
964.5	90.991	NaN
964.72	92.458	NaN
964.37	90.033	NaN
964.37	90.033	NaN
964.35	89.996	NaN
963.75	86.35	NaN
964.42	90.293	NaN
964.63	91.448	NaN
966.79	92.082	NaN
966.94	92.552	NaN
966.55	90.66	NaN
965.12	89.086	NaN
965.56	89.493	NaN
966.4	90.198	NaN
963.92	88.312	NaN
963.92	88.312	NaN
963.59	86.336	NaN
963.91	88.64	NaN
964.09	88.794	NaN
965.67	91.662	NaN
965.35	91.273	NaN
964.73	92.401	NaN
972.19	80.5	NaN
964.14	88.924	NaN
964.37	89.766	NaN
963.96	87.504	NaN
963.35	84.401	NaN
963.37	84.447	NaN
963.57	85.378	NaN
964.17	88.78	NaN
963.37	84.633	NaN
963.64	85.384	NaN
963.32	83.916	NaN
963.32	83.916	NaN
963.43	84.4	NaN
964.47	89.935	NaN
963.66	85.784	NaN
964.18	88.863	NaN
963.57	85.829	NaN
964.34	89.353	NaN
964.36	89.642	NaN
964.18	88.669	NaN
963.69	85.876	NaN
964.37	90.066	NaN
964.39	90.071	NaN
964.4	89.963	NaN
964.37	89.611	NaN
964.17	88.669	NaN
963.92	87.629	NaN
964.09	88.306	NaN
963.68	85.821	NaN
967.75	86.826	NaN
967.75	86.826	NaN
964.17	89.112	NaN
964.34	89.774	NaN
963.9	87.301	NaN
964.6	90.732	NaN
964.28	88.925	NaN
964.28	88.925	NaN
964.5	89.561	NaN
964.33	89.332	NaN
963.92	87.457	NaN
964.17	88.126	NaN
963.55	84.609	NaN
963.55	84.609	NaN
964.12	88.2	NaN
964.27	88.917	NaN
964.22	88.931	NaN
963.79	86.163	NaN
963.7	85.688	NaN
963.82	86.217	NaN
964.4	88.948	NaN
964.25	88.176	NaN
964.24	88.104	NaN
964.29	88.39	NaN
964.21	88.017	NaN
964.21	88.017	NaN
964.41	88.9	NaN
964.66	91.486	NaN
964.46	89.965	NaN
964.2	88.898	NaN
964.22	88.668	NaN
964.22	88.668	NaN
964.23	88.881	NaN
963.53	84.734	NaN
963.58	84.619	NaN
964.16	89.099	NaN
963.97	88.102	NaN
963.97	88.102	NaN
963.97	87.321	NaN
964.04	87.717	NaN
964.14	88.54	NaN
967.81	88.839	NaN
964.44	89.899	NaN
964.48	90.256	NaN
964.12	87.814	NaN
964.07	87.468	NaN
964.33	88.765	NaN
964.75	91.093	NaN
964.27	89.303	NaN
964.14	88.304	NaN
964.6	89.667	NaN
964.47	88.841	NaN
964.48	88.921	NaN
964.66	89.775	NaN
964.68	89.758	NaN
964.55	89.185	NaN
964.55	89.284	NaN
964.51	88.603	NaN
964.37	87.964	NaN
964.02	87.942	NaN
964.68	89.19	NaN
964.18	88.16	NaN
963.68	84.436	NaN
956.76	80.055	NaN
963.36	83.125	NaN
964	86.208	NaN
963.96	86.489	NaN
964.06	86.918	NaN
964.09	87.099	NaN
964.02	86.908	NaN
964.02	87.633	NaN
969.31	87.305	NaN
964.69	90.195	NaN
964.64	90.151	NaN
964.67	90.502	NaN
964.62	90.184	NaN
964.62	90.188	NaN
964.17	87	NaN
964.34	88.17	NaN
964.37	88.369	NaN
964.41	88.841	NaN
963.86	85.7	NaN
964.1	86.58	NaN
963.82	85.328	NaN
964.05	86.851	NaN
964.06	86.8	NaN
966.16	82.354	NaN
964.35	88.04	NaN
981.81	82.889	NaN
964.15	87.284	NaN
964.1	87.407	NaN
964.1	87.407	NaN
964.04	86.807	NaN
964.03	86.762	NaN
964.14	87.035	NaN
963.87	86.297	NaN
965.45	86.353	NaN
967.79	86.163	NaN
966.62	87.144	NaN
963.8	86.543	NaN
963.89	87.292	NaN
964.91	85.764	NaN
963.7	86.896	NaN
963.82	87.525	NaN
962.93	83.859	NaN
962.9	87.53	NaN
964.78	98.041	NaN
964.96	101.67	NaN
968.01	98.457	NaN
967.93	98.267	NaN
965.28	103.4	NaN
972.55	96.131	NaN
965.77	106.33	NaN
965.75	106.05	NaN
965.39	105.08	NaN
965.39	105.08	NaN
965.57	106.18	NaN
965.63	106.08	NaN
965.55	105.17	NaN
965.07	100.51	NaN
965.33	102.78	NaN
965.09	102.1	NaN
965.85	107.17	NaN
965.71	108.04	NaN
965.77	107.49	NaN
965.67	107.85	NaN
965.66	105.63	NaN
965.61	106.52	NaN
965.72	108.08	NaN
965.45	107.73	NaN
965.75	108.1	NaN
965.54	105.79	NaN
965.36	103.75	NaN
965.36	103.75	NaN
965.47	104.68	NaN
965.43	103.2	NaN
965.2	101.19	NaN
964.72	98.375	NaN
964.99	99.216	NaN
964.99	99.216	NaN
964.71	96.68	NaN
964.45	94.084	NaN
964.44	96.422	NaN
964.23	93.154	NaN
964.31	93.312	NaN
964.47	94	NaN
964.53	94.25	NaN
964.65	94.895	NaN
963.83	90.672	NaN
964.17	92.348	NaN
965.51	91.055	NaN
965.51	91.055	NaN
964.16	92.181	NaN
964.11	91.917	NaN
964.25	92.906	NaN
964.34	93.703	NaN
964.21	92.631	NaN
964.21	92.631	NaN
963.98	91.156	NaN
964.84	96.75	NaN
964.67	95.346	NaN
964.35	95.26	NaN
964.23	95.206	NaN
964.69	97	NaN
964.57	95.179	NaN
964.66	95.725	NaN
964.6	95.791	NaN
964.73	96.504	NaN
964.57	95.72	NaN
964.57	95.72	NaN
964.9	97.017	NaN
965.39	101.48	NaN
965.32	100.63	NaN
965.16	98.761	NaN
964.66	96.462	NaN
964.69	96.754	NaN
964.25	93.882	NaN
964.87	97.173	NaN
963.88	93.824	NaN
964.95	97.831	NaN
964.33	94.733	NaN
964.05	92.994	NaN
967.44	95.787	NaN
963.26	93.356	NaN
964.11	92.537	NaN
964.71	95.807	NaN
965.16	98.918	NaN
964.81	96.431	NaN
964.59	95.891	NaN
964.66	95.565	NaN
964.64	95.528	NaN
964.08	94.701	NaN
964.06	92.932	NaN
964.75	96.167	NaN
964.76	96.059	NaN
964.35	93.129	NaN
965.02	96.356	NaN
964.53	96.938	NaN
966.59	95.165	NaN
965.58	96.363	NaN
964.88	99.268	NaN
965.06	100.03	NaN
965.01	100.23	NaN
965.07	100.95	NaN
965.18	101.76	NaN
964.76	96.188	NaN
964.81	96.491	NaN
964.79	95.626	NaN
965.29	101.18	NaN
964.69	95.598	NaN
964.67	95.369	NaN
964.88	96.802	NaN
965.08	98.437	NaN
964.07	91.18	NaN
964.57	95.831	NaN
964.56	92.6	NaN
965.1	97.186	NaN
964.4	93.556	NaN
964.35	93.616	NaN
964.83	95.309	NaN
964.49	92.858	NaN
971.71	94.532	NaN
970.18	94.371	NaN
964.4	93.536	NaN
964.33	93.072	NaN
964.21	91.877	NaN
964.28	93.152	NaN
963.64	89.144	NaN
963.69	88.606	NaN
964.08	89.651	NaN
964.08	89.651	NaN
964.03	90.513	NaN
964.09	91.898	NaN
965.05	89.565	NaN
964	90.28	NaN
963.01	88.968	NaN
963.87	89.928	NaN
964.19	93.421	NaN
964.3	91.889	NaN
964.06	91.399	NaN
964.15	91.515	NaN
964.03	90.787	NaN
964.03	90.787	NaN
964.33	92.067	NaN
964.17	90.274	NaN
964.23	91.805	NaN
975.11	89.711	NaN
969.74	91.272	NaN
969.06	91.871	NaN
968.21	91.68	NaN
964.46	91.806	NaN
964.43	92.415	NaN
963.91	87.717	NaN
963.7	87.87	NaN
963.7	87.87	NaN
963.58	85.919	NaN
963.58	86.205	NaN
963.56	86.344	NaN
963.35	85.491	NaN
963.73	87.477	NaN
963.72	87.309	NaN
964.23	90.105	NaN
964.11	89.629	NaN
964.24	90.053	NaN
963.92	87.593	NaN
963.97	89.02	NaN
965.93	89.006	NaN
963.83	87.548	NaN
963.43	85.817	NaN
963.2	86.123	NaN
973.35	85.162	NaN
963.39	84.776	NaN
963.38	84.656	NaN
963.46	85.115	NaN
963.32	84.465	NaN
963.92	88.809	NaN
963.8	88.472	NaN
963.18	84.648	NaN
963.73	88.388	NaN
963.2	85.212	NaN
964.1	89.906	NaN
964.06	88.947	NaN
963.77	87.742	NaN
963.86	88.022	NaN
963.86	88.022	NaN
963.97	89.413	NaN
963.96	88.875	NaN
963.27	83.538	NaN
963.97	88.383	NaN
963.6	86.827	NaN
963.62	86.89	NaN
963.16	84.017	NaN
964.01	88.599	NaN
963.23	87.487	NaN
963.97	88.349	NaN
963.75	87.784	NaN
963.3	84.208	NaN
963.24	83.592	NaN
963.45	84.362	NaN
964.13	87.395	NaN
966.57	87.287	NaN
963.56	86.022	NaN
963.32	84.903	NaN
964.01	88.26	NaN
963.64	86.856	NaN
963.73	87.2	NaN
963.67	86.421	NaN
963.46	85.485	NaN
963.46	85.485	NaN
963.44	85.346	NaN
963.81	88.268	NaN
963.96	89.242	NaN
963.54	88.391	NaN
963.81	88.069	NaN
964.1	89.743	NaN
964.27	91.063	NaN
964.02	90.846	NaN
964.38	90.523	NaN
964.39	90.524	NaN
963.72	86.292	NaN
963.61	85.619	NaN
966.01	85.1	NaN
965.11	88.508	NaN
965.06	89.098	NaN
968	89.468	NaN
964.04	90.75	NaN
964.05	90.59	NaN
964.38	91.878	NaN
964.42	91.851	NaN
964.21	90.753	NaN
964.47	92.167	NaN
963.75	89.059	NaN
963.74	88.833	NaN
970.3	88.052	NaN
964.05	89.554	NaN
970.54	94.019	NaN
964	90.532	NaN
963.84	91.016	NaN
963.84	91.016	NaN
964.47	92.222	NaN
964.78	94.061	NaN
964.64	93.649	NaN
964.65	93.109	NaN
964.64	92.415	NaN
964.77	93.094	NaN
964.49	91.888	NaN
963.75	86.755	NaN
964.34	89.89	NaN
964.52	91.632	NaN
964.41	91.092	NaN
964.43	90.723	NaN
964.51	91.168	NaN
964.6	91.458	NaN
964.62	91.54	NaN
964.47	90.568	NaN
964.11	89.445	NaN
964.01	89.287	NaN
964.16	89.401	NaN
964.1	88.883	NaN
964.13	88.976	NaN
964.32	89.774	NaN
964.43	90.968	NaN
964.43	90.968	NaN
964.65	92.047	NaN
964.68	92.034	NaN
964.95	93.639	NaN
964.95	95.026	NaN
964.23	91.839	NaN
964.2	91.609	NaN
964.08	89.046	NaN
964.26	89.531	NaN
963.42	87.412	NaN
964.33	90.005	NaN
964	89.215	NaN
964	89.215	NaN
964.78	92.757	NaN
964.83	92.664	NaN
964.89	94.728	NaN
964.82	93.574	NaN
964.91	93.095	NaN
964.91	93.095	NaN
965.04	94.188	NaN
964.79	92.439	NaN
964.03	89.792	NaN
964.85	92.952	NaN
964.5	90.916	NaN
964.4	91.309	NaN
964.56	92.613	NaN
964.89	94.267	NaN
965.06	95.485	NaN
965.22	95.439	NaN
964.65	87.19	NaN
964.04	89.331	NaN
964.04	89.331	NaN
964	88.953	NaN
966.56	85.614	NaN
963.12	84.468	NaN
962.88	83.232	NaN
962.78	82.639	NaN
962.81	82.461	NaN
963.34	84.906	NaN
963.41	85.217	NaN
964.57	86.171	NaN
963.43	85.667	NaN
963.48	85.298	NaN
963.42	84.856	NaN
964.93	84.818	NaN
963.62	85.702	NaN
963.6	85.576	NaN
961.57	83.685	NaN
963.49	86.976	NaN
963.49	86.976	NaN
964.11	88.816	NaN
964.11	89.299	NaN
964.03	88.929	NaN
964.38	90.209	NaN
964.03	88.135	NaN
964.04	88	NaN
964.11	88.234	NaN
964	88.039	NaN
964.04	88.51	NaN
963.97	88.475	NaN
964.26	89.792	NaN
964.06	88.791	NaN
964.36	90.816	NaN
964.61	95.085	NaN
964.68	93.017	NaN
970.59	89.275	NaN
964.36	90.69	NaN
964.36	90.69	NaN
964.52	91.4	NaN
964.29	90.065	NaN
964.44	90.455	NaN
964.22	89.116	NaN
964.54	91	NaN
964.09	89.348	NaN
963.89	88.036	NaN
963.81	88.034	NaN
963.83	87.209	NaN
963.57	86.116	NaN
964.18	88.366	NaN
964.05	87.742	NaN
963.83	86.583	NaN
963.63	86.116	NaN
963.83	87.014	NaN
963.7	86.589	NaN
963.82	88.907	NaN
963.82	88.907	NaN
963.9	88.641	NaN
963.98	88.59	NaN
964.02	88.694	NaN
964	88.582	NaN
963.85	88.122	NaN
963.95	88.62	NaN
964	88.268	NaN
968.19	86.686	NaN
963.58	86.085	NaN
962.01	83.446	NaN
964.19	88.191	NaN
973.56	79.763	NaN
963.96	87.932	NaN
964.25	88.651	NaN
962.92	86.145	NaN
964.11	87.638	NaN
969.84	85.269	NaN
969.84	85.269	NaN
969.7	85.553	NaN
963.57	85.846	NaN
963.93	87.389	NaN
963.81	87.168	NaN
962.84	88.932	NaN
964.18	91.412	NaN
968.43	90.563	NaN
967.44	88.526	NaN
964.18	90.04	NaN
963.75	88.748	NaN
963.87	89.612	NaN
964.09	90.539	NaN
965.79	90.694	NaN
964.12	91.39	NaN
963.73	87.656	NaN
963.83	87.02	NaN
963.4	86.667	NaN
963.4	86.667	NaN
964.69	94.689	NaN
963.8	88.364	NaN
964.24	89.872	NaN
964.01	88.412	NaN
962.8	83.554	NaN
962.8	83.801	NaN
964.27	88.671	NaN
964.24	89.816	NaN
964.66	90.909	NaN
964.41	89.258	NaN
964.53	90.118	NaN
964.53	90.118	NaN
964.65	90.082	NaN
964.43	89.434	NaN
964.73	90.392	NaN
964.63	89.797	NaN
963.2	87.836	NaN
963.19	87.628	NaN
963.67	88.127	NaN
964.49	90.226	NaN
964.51	90.27	NaN
964.62	90.744	NaN
964.35	90.338	NaN
964.35	90.328	NaN
963.91	87.252	NaN
964.51	89.76	NaN
964.74	90.995	NaN
964.63	92.08	NaN
964.6	91.99	NaN
964.6	91.63	NaN
964.3	90.052	NaN
974.94	86.192	NaN
964.84	94.3	NaN
964.26	90.168	NaN
964.33	89.957	NaN
963.66	87.488	NaN
963.87	87.867	NaN
963.72	86.543	NaN
963.93	86.785	NaN
969.49	87.357	NaN
963.72	86.293	NaN
963.63	85.866	NaN
963.84	86.252	NaN
963.6	85.66	NaN
964.06	87.916	NaN
963.44	85.256	NaN
963.29	85.267	NaN
963.9	85.329	NaN
963.41	86.112	NaN
983.33	86.088	NaN
964.01	87.899	NaN
963.5	85.516	NaN
963.44	84.819	NaN
963.18	83.849	NaN
963.48	85.019	NaN
963.86	86.295	NaN
963.7	86.049	NaN
963.66	85.522	NaN
963.11	83.91	NaN
963.95	87.183	NaN
963.46	85.352	NaN
963.64	86.532	NaN
964.14	90.25	NaN
962.73	88.078	NaN
964.62	91.126	NaN
964.62	91.126	NaN
963.88	87.226	NaN
963.91	86.373	NaN
963.62	85.868	NaN
964.17	87.87	NaN
964.07	87.423	NaN
964.07	87.423	NaN
963.85	87.6	NaN
964.02	87.956	NaN
964.26	87.762	NaN
964.33	88.128	NaN
963.4	83.703	NaN
963.41	83.925	NaN
964.34	88.434	NaN
964.53	89.565	NaN
964.49	89.624	NaN
964.34	89.547	NaN
965.88	90.214	NaN
965.88	90.214	NaN
966.16	91.219	NaN
970.07	86.973	NaN
973.65	83.647	NaN
964.41	90.637	NaN
963.26	87.125	NaN
963.22	87.532	NaN
964.02	90.276	NaN
962.9	88.228	NaN
964.32	89.868	NaN
964.13	93.448	NaN
976.26	86.6	NaN
975.35	86.681	NaN
964.36	89.347	NaN
965.64	87.165	NaN
964.32	91.75	NaN
963.99	90.058	NaN
963.95	88.341	NaN
973.35	84.133	NaN
973.46	84.146	NaN
982.88	80.237	NaN
963.57	87.525	NaN
964.07	87.185	NaN
962.89	86.42	NaN
974.75	82.264	NaN
974.75	82.264	NaN
963.6	87.132	NaN
963.58	85.685	NaN
963.94	86.746	NaN
963.87	82.388	NaN
962.83	81.812	NaN
963.12	82.494	NaN
963.33	83.408	NaN
963.08	83.522	NaN
963.61	85.503	NaN
963.26	84.143	NaN
963.36	85.201	NaN
963.29	84.901	NaN
963.27	84.702	NaN
963.19	84.109	NaN
963.28	83.829	NaN
963.18	83.16	NaN
963.76	85.644	NaN
963.76	85.647	NaN
963.43	85.698	NaN
963.86	85.983	NaN
963.4	85.683	NaN
963.89	85.205	NaN
963.53	85.954	NaN
963.53	85.954	NaN
968.67	83.645	NaN
963.48	84.765	NaN
963.63	85.707	NaN
963.68	86.55	NaN
963.42	84.423	NaN
963.42	84.423	NaN
963.46	84.371	NaN
963.17	94.144	NaN
960.01	92.389	NaN
958.16	91.329	NaN
958.36	93.722	NaN
958.36	93.722	NaN
958.66	92.843	NaN
959.29	92.066	NaN
966.61	102.91	NaN
1033.1	77.875	NaN
983.45	75.105	NaN
985.12	77.026	NaN
NaN	NaN	NaN
NaN	NaN	NaN
955.33	48.233	NaN
954.06	57.1	NaN
952.99	59.477	NaN
950.52	59.676	NaN
965.5	64.279	NaN
984.57	65.227	NaN
1027.3	78.729	NaN
1049	71.015	NaN
NaN	NaN	NaN
1045.1	87.54	NaN
NaN	NaN	NaN
NaN	NaN	NaN
NaN	NaN	NaN
NaN	NaN	NaN
NaN	NaN	NaN
NaN	NaN	NaN
NaN	NaN	NaN
NaN	NaN	NaN
NaN	NaN	NaN
NaN	NaN	NaN
NaN	NaN	NaN
NaN	NaN	NaN
NaN	NaN	NaN
NaN	NaN	NaN
NaN	NaN	NaN
NaN	NaN	NaN
NaN	NaN	NaN
NaN	NaN	NaN
NaN	NaN	NaN
NaN	NaN	NaN
NaN	NaN	NaN
NaN	NaN	NaN
NaN	NaN	NaN
NaN	NaN	NaN
NaN	NaN	NaN
NaN	NaN	NaN
NaN	NaN	NaN
NaN	NaN	NaN
NaN	NaN	NaN
NaN	NaN	NaN
NaN	NaN	NaN
NaN	NaN	NaN
NaN	NaN	NaN
NaN	NaN	NaN
NaN	NaN	NaN
NaN	NaN	NaN
NaN	NaN	NaN
NaN	NaN	NaN
NaN	NaN	NaN
NaN	NaN	NaN
NaN	NaN	NaN
NaN	NaN	NaN
NaN	NaN	NaN
NaN	NaN	NaN
NaN	NaN	NaN
NaN	NaN	NaN
NaN	NaN	NaN
NaN	NaN	NaN
NaN	NaN	NaN
NaN	NaN	NaN
NaN	NaN	NaN
NaN	NaN	NaN
NaN	NaN	NaN
NaN	NaN	NaN
NaN	NaN	NaN
NaN	NaN	NaN
NaN	NaN	NaN
NaN	NaN	NaN
NaN	NaN	NaN
NaN	NaN	NaN
NaN	NaN	NaN
NaN	NaN	NaN
NaN	NaN	NaN
NaN	NaN	NaN
NaN	NaN	NaN
NaN	NaN	NaN
1008.1	64.315	NaN
1007.9	66.221	NaN
NaN	NaN	NaN
NaN	NaN	NaN
NaN	NaN	NaN
NaN	NaN	NaN
NaN	NaN	NaN
NaN	NaN	NaN
NaN	NaN	NaN
NaN	NaN	NaN
NaN	NaN	NaN
NaN	NaN	NaN
1016.6	59.507	NaN
1005.8	69.118	NaN
1006.1	71.028	NaN
1007.9	72.97	NaN
1008.2	73.249	NaN
1008.9	73.123	NaN
1009.1	73.271	NaN
1008.6	75.5	NaN
1008.7	74.23	NaN
1008.4	70.37	NaN
1007.9	70.438	NaN
1007.8	69.263	NaN
1008.3	70.154	NaN
1007.1	73.752	NaN
1000.9	109.52	NaN
999.58	117.72	NaN
1001.5	116.42	NaN
1001	116.42	NaN
1001.1	121.09	NaN
998.48	125.61	NaN
994.36	133.28	NaN
988.01	145.15	NaN
971.33	163.9	NaN
971.33	163.9	NaN
970.62	165.52	NaN
968.94	166.06	NaN
971.75	168.27	NaN
971.68	169.26	NaN
968.2	166.84	NaN
968.42	166.98	NaN
970.29	172.8	NaN
967.14	174.7	NaN
967.84	174.56	NaN
970.32	175.4	NaN
970.3	175.31	NaN
970.76	175.46	NaN
965.75	174.76	NaN
967.4	174.61	NaN
964.85	174.35	NaN
966.46	174.4	NaN
972.07	175.36	NaN
972.54	175.51	NaN
969.73	175.76	NaN
971.17	175.66	NaN
975.44	176.69	NaN
975.7	176.54	NaN
976.86	177.11	NaN
976.86	177.11	NaN
976.68	177.02	NaN
973.95	176.26	NaN
976.73	177.08	NaN
972.99	175.53	NaN
972.08	174.73	NaN
971.83	174.88	NaN
972.46	175.66	NaN
975.84	176.91	NaN
974.14	176.17	NaN
974.77	176.18	NaN
977.99	177.94	NaN
971.42	175.69	NaN
971.38	175.7	NaN
988.96	160.23	NaN
972.55	176.14	NaN
972.08	174.75	NaN
974.17	176.21	NaN
972.25	174.58	NaN
972.54	174.57	NaN
972.25	174.8	NaN
971.32	174.76	NaN
979.22	178.78	NaN
978.07	178.39	NaN
978.52	178.43	NaN
978.84	173.47	NaN
976.65	175.85	NaN
976.26	176.91	NaN
978.64	178.25	NaN
973.69	175.79	NaN
973.84	175.86	NaN
973.55	175.78	NaN
974.74	176.11	NaN
972.65	175.38	NaN
973.04	175.44	NaN
973.13	175.73	NaN
971.51	175.19	NaN
971.51	175.19	NaN
970.5	175.2	NaN
974.8	176.57	NaN
976.71	177.16	NaN
980.25	177.72	NaN
971.14	175.34	NaN
971.7	175.66	NaN
976.18	177.14	NaN
978.34	178.35	NaN
978.34	178.35	NaN
972.57	175.64	NaN
977.46	176.2	NaN
982.26	170.69	NaN
977.06	176.85	NaN
972.28	175.5	NaN
972.94	175.78	NaN
972.98	175.88	NaN
976.9	178.12	NaN
976	177.12	NaN
971.76	176	NaN
972.16	176.02	NaN
972.11	176.05	NaN
973.07	175.74	NaN
972.12	175.5	NaN
970.9	175.13	NaN
972.91	175.73	NaN
972.23	175.22	NaN
975.45	175.7	NaN
974.29	174.82	NaN
976.56	176.25	NaN
976.56	176.25	NaN
977.91	176.16	NaN
977.94	177.03	NaN
977.69	177.17	NaN
978.27	176.57	NaN
979.4	178.27	NaN
979.4	178.27	NaN
979.06	177.6	NaN
977.11	176.53	NaN
972.64	175.02	NaN
972.54	175.02	NaN
972.37	174.94	NaN
972.47	174.99	NaN
973.4	175.13	NaN
972.83	175.33	NaN
973.35	175.28	NaN
972.1	174.98	NaN
972.29	174.92	NaN
971.73	174.58	NaN
971.3	174.53	NaN
970.66	174.66	NaN
971.52	174.64	NaN
972.84	174.45	NaN
976.08	175.53	NaN
972.03	174.7	NaN
976.07	175.7	NaN
972.88	174.73	NaN
983.71	167.5	NaN
970.37	174.11	NaN
973.04	175.17	NaN
970.99	174.93	NaN
975.95	176.34	NaN
970.53	174.88	NaN
975.99	175.54	NaN
970.99	174.77	NaN
974.46	175.26	NaN
974.37	175.25	NaN
974.16	175.13	NaN
974.35	175.14	NaN
975.95	175.82	NaN
973.97	175.26	NaN
976.36	176.08	NaN
976.45	176.13	NaN
972.19	174.95	NaN
974.32	175.75	NaN
975.04	172.62	NaN
974.53	173.19	NaN
971.63	175.43	NaN
971.69	175.35	NaN
969.11	174.71	NaN
974.24	172.29	NaN
970.3	169.31	NaN
971.39	173.75	NaN
976.03	170.03	NaN
973.01	173.2	NaN
970.8	175.5	NaN
971.66	175.39	NaN
974.11	176.07	NaN
974.73	176.05	NaN
975.29	176.74	NaN
975.15	176.73	NaN
976.08	176.86	NaN
971.33	176.04	NaN
972.48	175.9	NaN
975.15	176.72	NaN
973.33	172.51	NaN
973	172.42	NaN
972.28	174.85	NaN
972.77	174.98	NaN
976.41	176.87	NaN
972.3	175.37	NaN
977.11	176.78	NaN
979.73	175.66	NaN
979.35	175.4	NaN
974.54	175.51	NaN
978.55	163.48	NaN
972.73	170.67	NaN
975.23	171.57	NaN
975.34	171.53	NaN
974.28	170.83	NaN
970.77	173.8	NaN
975.27	171.69	NaN
973.05	174.36	NaN
974.69	175.99	NaN
974.73	176.29	NaN
973.3	173.15	NaN
971	174.95	NaN
971.83	174.06	NaN
981.75	169.72	NaN
975.75	173.07	NaN
977.14	174.41	NaN
978.54	175.32	NaN
980.66	177.59	NaN
981.26	179.01	NaN
983.39	169.35	NaN
978	176.46	NaN
978.57	177.62	NaN
978.57	177.62	NaN
973.33	174.85	NaN
998.02	151.1	NaN
1004.2	143.01	NaN
976.24	174.67	NaN
972.97	175.16	NaN
974.95	174.39	NaN
973.36	176.1	NaN
977.73	173.29	NaN
974.87	176.3	NaN
983.75	166.12	NaN
982.41	167.73	NaN
976.79	177.02	NaN
977.88	177.94	NaN
975.86	176.89	NaN
974.51	174.73	NaN
977.41	177.84	NaN
977.41	177.84	NaN
977.6	177.68	NaN
979.91	177.45	NaN
977.57	175.75	NaN
975.34	174	NaN
981.3	167.78	NaN
981.36	167.84	NaN
982.68	167.09	NaN
976.85	173.89	NaN
978.64	177.79	NaN
997.87	154.12	NaN
982.5	175.81	NaN
983.08	180.41	NaN
982.91	180.04	NaN
980.52	180.26	NaN
980.36	178.96	NaN
984.52	174.33	NaN
981.85	176.42	NaN
981.9	176.66	NaN
979.16	178.52	NaN
983.34	170.14	NaN
984.79	170.26	NaN
984.58	178.31	NaN
983.75	175.9	NaN
985.53	173.87	NaN
981.61	178.15	NaN
997.32	151.91	NaN
993	155.31	NaN
987.34	168.66	NaN
985.72	172.01	NaN
981.67	173.2	NaN
981.67	173.2	NaN
975.66	176.47	NaN
980.2	178.16	NaN
977.2	177.91	NaN
977.45	177.68	NaN
977.92	178.46	NaN
977.92	178.46	NaN
990.36	164.13	NaN
985.24	167.76	NaN
978.23	176.42	NaN
978.82	179.46	NaN
976.66	175.77	NaN
976.84	176.06	NaN
979.25	179.12	NaN
980.08	175.56	NaN
979.67	178.63	NaN
976.84	176.59	NaN
979.77	178.24	NaN
979.98	178.21	NaN
980.18	178.27	NaN
979.17	174.45	NaN
978.62	177.5	NaN
975.65	174.26	NaN
982.01	172.6	NaN
983.81	170.52	NaN
987.16	166.72	NaN
979.15	172.81	NaN
976.41	176.38	NaN
981.21	171.08	NaN
981.34	172.99	NaN
980.92	172.61	NaN
980.6	178.3	NaN
980.37	178.07	NaN
991.31	166.03	NaN
980.09	178.1	NaN
978	177.32	NaN
978.28	177.32	NaN
978.28	177.32	NaN
980.34	168.31	NaN
989.59	158.97	NaN
978.2	172.51	NaN
979.25	178.43	NaN
979.25	178.43	NaN
978.36	178.01	NaN
986.83	167.09	NaN
982.56	178.58	NaN
977.62	177.41	NaN
977.62	177.41	NaN
977.62	177.41	NaN
979.72	177.51	NaN
981.65	175.44	NaN
986.89	168.1	NaN
983.47	173.71	NaN
980.78	178.92	NaN
995.93	156.01	NaN
989.06	165.76	NaN
985.87	170.45	NaN
980.49	175.64	NaN
984.91	169.38	NaN
982.32	179.11	NaN
982.32	179.11	NaN
994.89	154.56	NaN
991.89	163.06	NaN
980.45	177.68	NaN
986.66	169.78	NaN
990.26	159.25	NaN
989.17	161.3	NaN
998.91	149.65	NaN
983.55	172.81	NaN
1001.5	151.44	NaN
989.09	172.06	NaN
983.08	180.21	NaN
988.9	172.84	NaN
983.08	180.21	NaN
986.97	176.2	NaN
981.92	175.54	NaN
990.12	161.85	NaN
974.18	175.27	NaN
974.41	175.32	NaN
994.23	163.42	NaN
996.97	158.99	NaN
978.14	173.16	NaN
996.91	153.09	NaN
974.28	174.35	NaN
974.98	173.41	NaN
976.52	176.3	NaN
968.12	167.48	NaN
980.44	172.22	NaN
977.46	178.05	NaN
982.07	176.56	NaN
982.07	176.56	NaN
977.88	177.72	NaN
977.89	177.74	NaN
981.9	173.85	NaN
977.88	178.11	NaN
977.52	174.54	NaN
976.75	174.39	NaN
975.71	175.98	NaN
973.27	173.3	NaN
974.78	176.22	NaN
977.84	177.16	NaN
978.84	173.01	NaN
978.84	173.01	NaN
975.33	176.31	NaN
985.06	176.96	NaN
976.75	176.66	NaN
982.14	179.55	NaN
982.99	178.81	NaN
983.05	178.76	NaN
979.59	176.73	NaN
974.74	172.97	NaN
974.02	174.49	NaN
974.44	174.28	NaN
976.69	171.71	NaN
977.21	172.85	NaN
973.83	175.1	NaN
975.45	175.82	NaN
978.63	175.54	NaN
976.7	176.06	NaN
980.39	176.16	NaN
980.39	176.16	NaN
980.04	177.01	NaN
976.48	175.71	NaN
976.41	175.72	NaN
980.59	171.09	NaN
981.03	170.33	NaN
979.06	174.75	NaN
980.22	173.29	NaN
979.13	174.51	NaN
998.11	148.57	NaN
978.41	177.11	NaN
982.62	165.31	NaN
987.14	159.22	NaN
980.96	165.53	NaN
987.86	159.75	NaN
990.15	156.73	NaN
994.48	152.67	NaN
989.53	160.33	NaN
989.38	160	NaN
991.34	161.88	NaN
988.93	164.57	NaN
989.78	162.06	NaN
980.83	172.34	NaN
982.42	172.45	NaN
982.42	172.45	NaN
978.84	177.4	NaN
980.96	179.23	NaN
982.62	173.87	NaN
979.51	176.48	NaN
979.44	176.42	NaN
979.45	176.41	NaN
987.06	166.32	NaN
982.08	171.4	NaN
985.09	168.09	NaN
979.73	160.98	NaN
987.4	168.85	NaN
991.65	161.65	NaN
977.91	174.86	NaN
978.07	172.06	NaN
976.72	174.25	NaN
983.15	168.27	NaN
987.73	158.87	NaN
984.61	167.68	NaN
984.03	168.73	NaN
976.66	175.18	NaN
980.29	178.09	NaN
980.2	178.29	NaN
981.13	177.65	NaN
981.67	177.66	NaN
982.68	172.66	NaN
980.01	176.41	NaN
980.21	176.17	NaN
988.42	161.97	NaN
978.77	174.34	NaN
981.69	170.73	NaN
978.3	173.19	NaN
982	170.65	NaN
988.35	164	NaN
979.6	177.3	NaN
981.71	179.76	NaN
981.71	179.76	NaN
980.64	176.82	NaN
987.7	168.05	NaN
1006.9	143.74	NaN
988.5	168.58	NaN
989.65	174.9	NaN
989.65	174.9	NaN
977.07	175.85	NaN
980.17	170.34	NaN
976.77	177.06	NaN
980.8	177.21	NaN
986.35	164.32	NaN
983.55	168.49	NaN
981.98	180.21	NaN
985.43	166.31	NaN
982.81	174.98	NaN
980.38	179.33	NaN
977.66	177	NaN
979.48	178.41	NaN
979.48	178.41	NaN
979.92	179.08	NaN
981.04	175.51	NaN
979.32	178.19	NaN
978.09	176.14	NaN
1000.9	156.01	NaN
989.97	165.84	NaN
981.29	179.87	NaN
977.22	175.85	NaN
978.19	178.03	NaN
986.39	169.19	NaN
979.67	178.2	NaN
979.55	178.22	NaN
984.95	171.37	NaN
980.86	176.17	NaN
988.44	169.02	NaN
982.65	180.92	NaN
977.02	171.96	NaN
977.02	171.96	NaN
980.04	178.61	NaN
979.75	176.67	NaN
978.82	176.24	NaN
984.95	167.41	NaN
980.79	171.04	NaN
978.88	172.47	NaN
979.55	175.59	NaN
983.7	169.34	NaN
982.99	173.58	NaN
989.03	162.19	NaN
987.82	165.01	NaN
989.36	163.03	NaN
987.78	163.65	NaN
987.77	164.61	NaN
982.42	174.73	NaN
986.15	169.53	NaN
983.97	171.2	NaN
985.48	170.54	NaN
983.21	174.1	NaN
982.77	179.39	NaN
978.82	171.47	NaN
984.63	176.41	NaN
985.55	175.28	NaN
985.55	175.28	NaN
989.26	163.49	NaN
984.58	170.65	NaN
982.03	179.57	NaN
992.9	166.33	NaN
986.5	173.56	NaN
978.14	177.56	NaN
979.37	177.65	NaN
977.79	177.08	NaN
979.46	175.53	NaN
980.38	177.46	NaN
979.58	175.91	NaN
980.88	176.89	NaN
977.1	176.49	NaN
982.76	178.8	NaN
979.52	177.63	NaN
982.63	177.41	NaN
981.96	178.99	NaN
981.46	178.55	NaN
983.13	176.93	NaN
978.99	177.27	NaN
980.5	175.42	NaN
979.07	173.92	NaN
987.65	164.01	NaN
987.65	164.01	NaN
981.36	172.4	NaN
985.9	172.86	NaN
992.19	166.28	NaN
982.19	177.33	NaN
995.78	162.05	NaN
985.49	178.6	NaN
992.86	160.58	NaN
986.18	167.29	NaN
1016.6	131.45	NaN
983.83	179	NaN
993.78	158.42	NaN
993.15	161.28	NaN
988.63	166.45	NaN
991.53	166.88	NaN
989.01	168.91	NaN
989.74	162.45	NaN
1000.9	147.54	NaN
1006	142.26	NaN
989.05	167.29	NaN
991.52	158.98	NaN
988.89	162.13	NaN
994.37	160.2	NaN
987.35	169.16	NaN
985.03	172.58	NaN
984.96	177.91	NaN
1011	140.95	NaN
989.82	168.2	NaN
1000.6	156.33	NaN
997	160.44	NaN
1002.1	154.94	NaN
988.56	175.86	NaN
998	156.36	NaN
1003.8	147.93	NaN
998.55	155.64	NaN
991.63	160.35	NaN
991.72	161.08	NaN
992.04	160.44	NaN
982.05	172.3	NaN
1000.9	159.38	NaN
982.82	180.08	NaN
985.31	181.32	NaN
985.31	181.32	NaN
984.91	180.85	NaN
985.68	177.59	NaN
985.62	173.2	NaN
983.81	175.84	NaN
990.91	169.3	NaN
991.28	168.9	NaN
992.54	162.73	NaN
992.69	164.93	NaN
981.49	177.82	NaN
982.65	179.78	NaN
991.54	163.65	NaN
990.15	163.36	NaN
985.3	181.62	NaN
988.55	169.19	NaN
981.56	178.94	NaN
994.86	163.28	NaN
984.96	180.8	NaN
983.69	179.85	NaN
983.28	179.8	NaN
994.39	163.26	NaN
983.7	179.05	NaN
1010.5	140.62	NaN
984.88	169.63	NaN
979.23	170.55	NaN
987.4	166.19	NaN
987.79	177.84	NaN
983.69	180.06	NaN
994.82	160.42	NaN
984.97	169.61	NaN
984.97	169.61	NaN
980.38	177.91	NaN
983.21	175.49	NaN
986.47	176.58	NaN
988.66	172.4	NaN
989.73	167.44	NaN
982.99	175.28	NaN
994.89	153.82	NaN
985.77	165.18	NaN
983.32	171.83	NaN
984.26	180.57	NaN
980.56	179.56	NaN
980.56	179.56	NaN
981.58	175.96	NaN
980.91	179.49	NaN
979.59	178.21	NaN
983.97	179.28	NaN
990.15	170.37	NaN
989.08	171.94	NaN
996.03	158.09	NaN
986.2	168.57	NaN
990.98	162.29	NaN
981.32	176.9	NaN
982.2	179.75	NaN
982.2	179.75	NaN
987.04	172.2	NaN
992.49	164.24	NaN
984.2	176.06	NaN
987.13	169.18	NaN
984.24	179.44	NaN
983.78	180.14	NaN
984.78	179.09	NaN
988.32	172.56	NaN
984.86	180.32	NaN
986.89	174.95	NaN
985.67	176.78	NaN
985.67	176.78	NaN
983.12	180.34	NaN
982.98	180.01	NaN
983.1	179.18	NaN
989.91	157.23	NaN
995.42	162.32	NaN
990.4	171.06	NaN
986.12	175.29	NaN
984.57	177.91	NaN
989.19	172.41	NaN
996.36	164.95	NaN
986.29	181.48	NaN
987.19	177.47	NaN
983.93	180.04	NaN
986.95	173.98	NaN
989.84	169.04	NaN
984.1	178.46	NaN
989.37	170.72	NaN
992.01	166.63	NaN
992.25	167.72	NaN
989.59	171.09	NaN
985.66	175.29	NaN
983.92	180.41	NaN
982.76	178	NaN
980.49	175.67	NaN
985.33	167.3	NaN
992.36	160.5	NaN
978.42	177.14	NaN
980.44	175.23	NaN
989.23	166.43	NaN
984.3	180.3	NaN
981.15	178.38	NaN
980.82	178.12	NaN
986.02	167.76	NaN
978.57	175.97	NaN
985.11	175.98	NaN
983.84	178.72	NaN
983.84	178.72	NaN
983.59	172.32	NaN
981.8	175.53	NaN
978.94	177.9	NaN
983.44	174.89	NaN
991.03	164.62	NaN
991.09	161.88	NaN
981.01	176.75	NaN
985.74	175.61	NaN
982.63	179.52	NaN
982.7	179.63	NaN
982.94	179.88	NaN
982.64	180.02	NaN
980.44	178.22	NaN
985.94	173.43	NaN
993.15	162.29	NaN
986.39	170.89	NaN
984.54	173.96	NaN
989	169.57	NaN
990.14	169.35	NaN
988.19	175.11	NaN
987.21	175.77	NaN
986.47	167.57	NaN
995.51	159.07	NaN
995.51	159.07	NaN
983.88	170.74	NaN
992.02	160.22	NaN
1000	154.56	NaN
988.73	176.66	NaN
987.04	178.78	NaN
984.67	177.69	NaN
985.75	176.46	NaN
983.25	179.96	NaN
989.06	166.07	NaN
982.85	180.13	NaN
985.76	180.13	NaN
985.76	180.13	NaN
983.8	181.3	NaN
982.91	180.87	NaN
983.43	180.28	NaN
984.85	173.16	NaN
990.62	164.57	NaN
990.25	164.77	NaN
999.42	146.89	NaN
990.83	173.21	NaN
987.17	172.55	NaN
981.83	176.95	NaN
986.93	168.94	NaN
990.27	164.45	NaN
980.89	177.41	NaN
987.56	179.53	NaN
987.33	179.75	NaN
985.61	165.97	NaN
994.15	169.28	NaN
994.78	167.71	NaN
987.7	175.43	NaN
989.11	172.29	NaN
990.78	170.23	NaN
987.53	174.16	NaN
984.44	181.21	NaN
985.14	180.33	NaN
993.74	165.45	NaN
988.15	173.24	NaN
988.52	172.39	NaN
999.47	158.36	NaN
1007.1	145.29	NaN
1005.9	146.79	NaN
997.76	156.14	NaN
1007.6	145.14	NaN
993.89	162.88	NaN
984.74	172.96	NaN
1004.1	151.01	NaN
1003.8	151.41	NaN
989.43	166.6	NaN
987.29	169.63	NaN
1018.3	132.44	NaN
984.17	181.47	NaN
992.85	165.58	NaN
986.47	172.84	NaN
985.03	182.03	NaN
991.1	168.71	NaN
985.3	178.38	NaN
985.38	168.99	NaN
997.98	153.78	NaN
988.15	165.19	NaN
982.82	179.92	NaN
983.64	179.58	NaN
991.97	166.87	NaN
978.41	175.3	NaN
989.96	170.24	NaN
989.96	170.24	NaN
987.61	173.11	NaN
986.51	175.76	NaN
991.86	165.6	NaN
990.96	160.86	NaN
986.22	164.31	NaN
985.32	169.46	NaN
984.1	171.82	NaN
989.2	162.7	NaN
977.95	177	NaN
981.98	179.46	NaN
980.68	178.48	NaN
981.34	177.68	NaN
978.76	177.32	NaN
981.7	177.04	NaN
981.94	179.22	NaN
978.57	177.48	NaN
987.14	168.84	NaN
985.44	171.74	NaN
987.5	167.41	NaN
985.21	171.33	NaN
982.36	173.89	NaN
983.53	172.25	NaN
985.25	171.21	NaN
984.32	174.93	NaN
993.43	158.25	NaN
985.79	167.78	NaN
994.45	158.56	NaN
985.61	170.31	NaN
1006.3	143.53	NaN
1005	145.43	NaN
987.33	172.75	NaN
982.32	174.59	NaN
997.99	155.65	NaN
983.54	170.06	NaN
999.73	159.46	NaN
997.16	162.38	NaN
978.76	172.24	NaN
979.18	172.09	NaN
982.01	173.52	NaN
988.71	165.44	NaN
985.19	172.86	NaN
985.19	172.86	NaN
982.35	179.92	NaN
987.5	164.05	NaN
990.32	160.73	NaN
984.51	170.47	NaN
973.29	172.39	NaN
973.29	172.39	NaN
975.43	175.63	NaN
983.31	168.24	NaN
983.53	173.36	NaN
987.79	163.54	NaN
979.92	178.41	NaN
983.12	180.24	NaN
978.62	176.47	NaN
981.12	178.64	NaN
981.27	176.3	NaN
981.09	177.95	NaN
980.02	177.85	NaN
980.02	177.85	NaN
984.18	172.54	NaN
981.55	179.67	NaN
982.67	170.23	NaN
978.13	177.38	NaN
989.47	167.75	NaN
985.41	172.79	NaN
982.18	180.01	NaN
980.25	174.54	NaN
977.67	177.27	NaN
986.44	181.72	NaN
983.91	181.11	NaN
983.91	181.11	NaN
980.46	175.46	NaN
977.71	175.57	NaN
979.47	170.16	NaN
981.41	166.12	NaN
976.79	174.82	NaN
976.17	174.45	NaN
987.26	169.49	NaN
983.68	174.42	NaN
989.34	165.93	NaN
998.41	153.77	NaN
984.72	176.9	NaN
984.72	176.9	NaN
979.52	178.12	NaN
982.09	179.71	NaN
992.47	146.94	NaN
985.57	166.78	NaN
988.14	155.2	NaN
992.76	153.94	NaN
991.23	154.53	NaN
989.12	155.31	NaN
989.99	156.59	NaN
980.18	173.1	NaN
980.08	172.61	NaN
980.08	172.61	NaN
978.38	175.56	NaN
990.7	161.7	NaN
993.22	159.62	NaN
986.28	159.75	NaN
983.37	162.89	NaN
982.16	168.49	NaN
987.13	162.59	NaN
980.62	178.16	NaN
979.96	178.54	NaN
982.43	174.79	NaN
978.72	177.97	NaN
982.72	175.56	NaN
979.41	177.83	NaN
981.68	176.51	NaN
982.18	179.7	NaN
982.13	180.07	NaN
981.71	179.73	NaN
995.92	158.63	NaN
995.92	158.63	NaN
978.66	177.97	NaN
979.53	178.5	NaN
975.95	168.07	NaN
977.78	177.2	NaN
978.63	177.42	NaN
978.82	177.41	NaN
978.98	176.22	NaN
998.02	154.07	NaN
979.22	178.05	NaN
979.22	178.44	NaN
980.1	178.76	NaN
979.94	178.7	NaN
980.47	174.17	NaN
975.87	175.17	NaN
976.37	176.98	NaN
981.99	163.37	NaN
989.96	155.04	NaN
987.87	156	NaN
978.77	167.74	NaN
972.6	174.73	NaN
972	174.1	NaN
973.69	174.82	NaN
991.47	160.67	NaN
991.56	160.67	NaN
983.25	169.83	NaN
981.32	172.16	NaN
979.19	177.78	NaN
981.86	179.23	NaN
982.08	174.17	NaN
981.95	174.64	NaN
984.82	170.24	NaN
987.88	166.1	NaN
985.51	173.31	NaN
989.63	167.75	NaN
990.15	162.48	NaN
990.31	162.05	NaN
986.24	168.28	NaN
985.29	170.34	NaN
983.32	173.84	NaN
983.08	173.19	NaN
981.82	167.38	NaN
981.39	166.29	NaN
978.09	175.19	NaN
972.34	163.97	NaN
989.38	163.28	NaN
989.68	160.75	NaN
987.43	162.21	NaN
986.92	162.87	NaN
981.98	168.87	NaN
984.42	165.67	NaN
992.26	156.09	NaN
979.93	179.42	NaN
980.87	178.57	NaN
978.94	176.3	NaN
977.28	177.93	NaN
983.2	170.94	NaN
981.57	173.07	NaN
983.8	170.11	NaN
978.53	175.89	NaN
978.44	175.84	NaN
982.05	171.41	NaN
985.13	170.96	NaN
980.92	176.29	NaN
981.32	177.9	NaN
980.38	179.41	NaN
980.38	179.41	NaN
982.4	180.13	NaN
979.93	177.81	NaN
980.07	176.77	NaN
982.79	172.76	NaN
985.64	164.64	NaN
985.64	164.64	NaN
976.79	176.49	NaN
978.12	177.88	NaN
978.27	174.9	NaN
982.23	171.38	NaN
978.47	178.78	NaN
976.33	177.72	NaN
976.15	175.74	NaN
975.94	173.82	NaN
984.72	171.01	NaN
974.22	176.8	NaN
995.53	152.97	NaN
972.49	176.06	NaN
980.44	177.48	NaN
981.02	176.22	NaN
982.81	169.28	NaN
983.98	167.71	NaN
992.28	156.16	NaN
992.28	156.16	NaN
997.33	155.7	NaN
1012.3	138.91	NaN
1001.6	153.15	NaN
978.54	175.41	NaN
985.8	166.39	NaN
979.05	169.66	NaN
975.19	173.3	NaN
976.86	172.04	NaN
978.38	174.92	NaN
979.56	178.17	NaN
981.84	171.99	NaN
981.57	172.54	NaN
985.89	167.44	NaN
980.54	172.66	NaN
979.56	170.15	NaN
977.29	177.64	NaN
977.84	177.6	NaN
978.37	177.83	NaN
980.53	173.43	NaN
973.69	175.67	NaN
979.08	178.3	NaN
981.08	176.99	NaN
992.22	161.41	NaN
999.16	153.76	NaN
991.8	165.92	NaN
991.63	161.61	NaN
987.83	166.66	NaN
982	173.61	NaN
981.94	171	NaN
981.94	171	NaN
984.31	167.94	NaN
981.46	176.06	NaN
982.9	171.07	NaN
980.42	175.94	NaN
979.44	172.45	NaN
979.08	172.88	NaN
976.87	175.69	NaN
992.2	161.89	NaN
981.22	153.98	NaN
1016	129.62	NaN
992.64	158.54	NaN
992.88	158.19	NaN
994.76	160.38	NaN
978.25	177.58	NaN
967.61	178.22	NaN
974.77	167.93	NaN
963.78	178.41	NaN
973.15	167.47	NaN
963.67	175.28	NaN
958.37	183.33	NaN
957.32	181.81	NaN
963.74	176.98	NaN
936.92	183.97	NaN
936.87	183.99	NaN
933.65	184.34	NaN
925.91	182.48	NaN
922.07	179.86	NaN
919.45	178.55	NaN
916.34	175.47	NaN
916.34	175.47	NaN
915.15	175.18	NaN
912.89	173.32	NaN
912.36	173.6	NaN
905.66	167.51	NaN
908.92	170.97	NaN
908.87	170.93	NaN
908.85	170.95	NaN
909.41	171.62	NaN
908.83	171.27	NaN
909.43	171.76	NaN
909.08	171.46	NaN
909.35	171.7	NaN
909.79	172.34	NaN
909.99	172.41	NaN
909.17	171.28	NaN
909.27	171.19	NaN
909.44	171.22	NaN
909.16	170.96	NaN
909.83	171.97	NaN
909.35	171.38	NaN
909.56	171.67	NaN
909.03	171.29	NaN
910.28	172.55	NaN
910.27	172.55	NaN
909.08	171.84	NaN
902.9	158.49	NaN
902.81	150.8	NaN
901.78	142.96	NaN
901.73	138.56	NaN
901.71	138.54	NaN
901.3	134.66	NaN
900.71	132.87	NaN
900.86	125.99	NaN
907.34	123.04	NaN
911.87	121.94	NaN
921.33	117.56	NaN
920.61	117.85	NaN
932.45	113.33	NaN
937.88	111.41	NaN
940.86	110.32	NaN
943.19	109.17	NaN
944.78	108.35	NaN
944.78	108.35	NaN
945.6	108.06	NaN
945.68	107.84	NaN
944.3	105.39	NaN
1044.6	79.036	NaN
960.71	102.8	NaN
956.17	103.76	NaN
955.81	103.94	NaN
957.68	104.59	NaN
946.3	107.85	NaN
946.59	107.9	NaN
948.18	106.92	NaN
951.09	106.5	NaN
945.57	107.63	NaN
948.56	107.58	NaN
946.04	107.29	NaN
946.81	107.35	NaN
946.76	107.22	NaN
946.76	107.22	NaN
946.65	107.25	NaN
946.19	107.4	NaN
958.69	101.93	NaN
945.61	107.31	NaN
946.99	106.88	NaN
947.17	106.85	NaN
948.41	106.75	NaN
946.38	107.68	NaN
946.07	107.76	NaN
946.65	107.67	NaN
947.93	106.51	NaN
947.93	106.51	NaN
949.35	106.45	NaN
952.64	105.92	NaN
955.92	103.5	NaN
951.76	105.39	NaN
954.91	105.72	NaN
949.23	105.65	NaN
953.22	105.82	NaN
952.85	106.57	NaN
953.55	105.73	NaN
951.63	104.43	NaN
951.53	105.32	NaN
951.95	105.18	NaN
953.39	103.31	NaN
961.4	98.247	NaN
957.44	97.771	NaN
978.86	89.912	NaN
962.54	99.237	NaN
962.66	99.31	NaN
956.28	100.07	NaN
958.07	100.95	NaN
968.53	102.02	NaN
1008.4	79.458	NaN
1020.2	75.517	NaN
1020.2	75.517	NaN
1028.9	67.923	NaN
1015.5	74.981	NaN
NaN	NaN	NaN
1012.8	63.908	NaN
1006.8	76.211	NaN
1003.6	78.054	NaN
1004.8	77.4	NaN
1004.2	73.911	NaN
1008.9	72.219	NaN
1008.5	71.218	NaN
1008.4	70.804	NaN
1008.4	70.804	NaN
1009	71.136	NaN
1008.5	70.578	NaN
1008.1	70.951	NaN
1006.9	68.041	NaN
1009.8	67.637	NaN
1011.1	67.278	NaN
1010.5	64.475	NaN
1012.9	63.828	NaN
1037.3	54.924	NaN
1015.7	61.164	NaN
1008.9	64.043	NaN
1006.3	63.948	NaN
1024.4	60.725	NaN
1028.1	66.263	NaN
1039.3	56.983	NaN
1065.4	44.814	NaN
NaN	NaN	NaN
NaN	NaN	NaN
NaN	NaN	NaN
1035.3	44.985	NaN
1072.4	48.081	NaN
1068.9	45.889	NaN
1066.6	51.307	NaN
1064.5	50.552	NaN
995.03	49.966	NaN
NaN	NaN	NaN
997.85	41.155	NaN
NaN	NaN	NaN
1062.1	59.426	NaN
1093.4	29.379	NaN
1048.7	42.14	NaN
1087.8	47.879	NaN
NaN	NaN	NaN
1075.5	56.096	NaN
1065.5	59.443	NaN
NaN	NaN	NaN
1073.9	60.356	NaN
1085.3	48.795	NaN
1078.6	52.987	NaN
1063.7	44.581	NaN
1089.4	32.083	NaN
1082.2	40.803	NaN
1090.3	35.461	NaN
1079.1	41.924	NaN
1064.3	41.838	NaN
1070.6	50.573	NaN
1074.5	35.126	NaN
1071.9	37.523	NaN
1088.4	43.987	NaN
1088.4	45.377	NaN
1093.7	40.036	NaN
1073.9	57.912	NaN
1078.6	53.663	NaN
1075.2	56.947	NaN
1064.3	65.321	NaN
1019.8	63.54	NaN
1041.5	65.8	NaN
1051.3	50.45	NaN
1077.4	56.011	NaN
1067.7	64.048	NaN
1051.9	59.85	NaN
1041.5	71.671	NaN
1029.8	72.25	NaN
1048	51.462	NaN
1089.7	43.527	NaN
1090.3	42.56	NaN
1052.6	47.422	NaN
1003	51.531	NaN
1032.6	57.708	NaN
1044.5	23.016	NaN
1055.6	50.544	NaN
1059.6	51.011	NaN
1079.1	35.307	NaN
1042.3	54.027	NaN
1057.6	61.973	NaN
1082.6	52.376	NaN
1091.3	43.632	NaN
1099.3	36.286	NaN
NaN	NaN	NaN
1090.7	45.969	NaN
NaN	NaN	NaN
NaN	NaN	NaN
NaN	NaN	NaN
NaN	NaN	NaN
NaN	NaN	NaN
NaN	NaN	NaN
1023.1	47.737	NaN
NaN	NaN	NaN
NaN	NaN	NaN
NaN	NaN	NaN
1024.6	39.167	NaN
1013.8	31.145	NaN
NaN	NaN	NaN
NaN	NaN	NaN
NaN	NaN	NaN
NaN	NaN	NaN
1084.3	48.087	NaN
NaN	NaN	NaN
NaN	NaN	NaN
NaN	NaN	NaN
NaN	NaN	NaN
NaN	NaN	NaN
NaN	NaN	NaN
NaN	NaN	NaN
NaN	NaN	NaN
1072.6	71.055	NaN
NaN	NaN	NaN
NaN	NaN	NaN
NaN	NaN	NaN
NaN	NaN	NaN
NaN	NaN	NaN
NaN	NaN	NaN
NaN	NaN	NaN
NaN	NaN	NaN
NaN	NaN	NaN
NaN	NaN	NaN
NaN	NaN	NaN
NaN	NaN	NaN
NaN	NaN	NaN
NaN	NaN	NaN
NaN	NaN	NaN
NaN	NaN	NaN
NaN	NaN	NaN
NaN	NaN	NaN
NaN	NaN	NaN
NaN	NaN	NaN
NaN	NaN	NaN
NaN	NaN	NaN
NaN	NaN	NaN
1035.8	29.2	NaN
NaN	NaN	NaN
NaN	NaN	NaN
NaN	NaN	NaN
NaN	NaN	NaN
NaN	NaN	NaN
NaN	NaN	NaN
NaN	NaN	NaN
NaN	NaN	NaN
NaN	NaN	NaN
NaN	NaN	NaN
NaN	NaN	NaN
NaN	NaN	NaN
NaN	NaN	NaN
NaN	NaN	NaN
NaN	NaN	NaN
NaN	NaN	NaN
NaN	NaN	NaN
NaN	NaN	NaN
NaN	NaN	NaN
NaN	NaN	NaN
986.53	32.986	NaN
1064.3	39.854	NaN
1057.3	43.389	NaN
NaN	NaN	NaN
NaN	NaN	NaN
1091.5	42.338	NaN
1096.8	38.222	NaN
NaN	NaN	NaN
NaN	NaN	NaN
NaN	NaN	NaN
NaN	NaN	NaN
NaN	NaN	NaN
NaN	NaN	NaN
NaN	NaN	NaN
NaN	NaN	NaN
NaN	NaN	NaN
NaN	NaN	NaN
NaN	NaN	NaN
NaN	NaN	NaN
NaN	NaN	NaN
NaN	NaN	NaN
NaN	NaN	NaN
NaN	NaN	NaN
NaN	NaN	NaN
NaN	NaN	NaN
NaN	NaN	NaN
NaN	NaN	NaN
NaN	NaN	NaN
NaN	NaN	NaN
1083.7	47.892	NaN
1002.7	51.839	NaN
1082.9	50.62	NaN
1021.4	39.929	NaN
NaN	NaN	NaN
1072.9	33.5	NaN
1073.5	26.339	NaN
1076.7	44.702	NaN
1079.2	45.082	NaN
1067.1	58.888	NaN
1056.7	53.993	NaN
NaN	NaN	NaN
NaN	NaN	NaN
NaN	NaN	NaN
1036.4	47.568	NaN
787.96	20.738	NaN
1000	53.846	NaN
934.05	32.273	NaN
1079.5	37.938	NaN
1079.5	37.938	NaN
NaN	NaN	NaN
NaN	NaN	NaN
NaN	NaN	NaN
NaN	NaN	NaN
NaN	NaN	NaN
NaN	NaN	NaN
NaN	NaN	NaN
NaN	NaN	NaN
NaN	NaN	NaN
1083.6	50.556	NaN
1101.4	32.902	NaN
1101.4	32.902	NaN
NaN	NaN	NaN
1009.3	42.412	NaN
1014.7	31.286	NaN
997.14	21.977	NaN
1027.8	30.086	NaN
1028	29.368	NaN
1057.8	28.951	NaN
1058.7	35.964	NaN
1024.1	46.984	NaN
NaN	NaN	NaN
NaN	NaN	NaN
NaN	NaN	NaN
1075.1	55.311	NaN
NaN	NaN	NaN
NaN	NaN	NaN
NaN	NaN	NaN
NaN	NaN	NaN
NaN	NaN	NaN
1072.5	59.044	NaN
1058.4	67.347	NaN
1060.7	55.647	NaN
1002.7	49.585	NaN
1012.8	42.377	NaN
1009.3	43.458	NaN
1029.3	39.642	NaN
1021.2	47.458	NaN
1055.6	42.753	NaN
1035.2	41.328	NaN
1000.8	52.75	NaN
991.24	22.4	NaN
1027.8	32.183	NaN
1033.4	45.991	NaN
1080.6	52.222	NaN
NaN	NaN	NaN
NaN	NaN	NaN
1079.4	51.609	NaN
NaN	NaN	NaN
NaN	NaN	NaN
NaN	NaN	NaN
NaN	NaN	NaN
1044.1	54.516	NaN
1043.6	59.111	NaN
NaN	NaN	NaN
977.92	46.974	NaN
1073	51.76	NaN
1032.6	51.19	NaN
1045.2	60.382	NaN
1061.3	63.014	NaN
1064.1	51.143	NaN
1070.7	49.708	NaN
1087.5	47.787	NaN
1071.5	58.673	NaN
1064.9	41.469	NaN
1091.7	42.366	NaN
1079.2	52.569	NaN
1040.4	58.527	NaN
1087.8	46.625	NaN
1106	29.938	NaN
NaN	NaN	NaN
NaN	NaN	NaN
NaN	NaN	NaN
NaN	NaN	NaN
NaN	NaN	NaN
1042.5	56.49	NaN
1042	44.551	NaN
1049.8	40.282	NaN
1028.5	52.521	NaN
1015.4	41.45	NaN
1045.9	76.208	NaN
1042.7	52.164	NaN
1044.3	42.855	NaN
1044.4	43.473	NaN
1071.3	49.592	NaN
1065.5	54	NaN
1039	60.512	NaN
NaN	NaN	NaN
1053.5	50.617	NaN
1014.2	47.195	NaN
1105.6	33.471	NaN
NaN	NaN	NaN
NaN	NaN	NaN
NaN	NaN	NaN
NaN	NaN	NaN
NaN	NaN	NaN
1052.7	30.235	NaN
1023	49.637	NaN
1049.5	49	NaN
1007.2	55.888	NaN
1049.1	58.463	NaN
1047.9	59.658	NaN
1078.2	45.348	NaN
1104.8	29.845	NaN
1098.3	35.331	NaN
1057.9	52.559	NaN
1074.6	48.06	NaN
1074.6	48.06	NaN
1034.8	40	NaN
1034.1	54.031	NaN
994.29	58.926	NaN
1002.7	61.987	NaN
1040.7	50.335	NaN
1035.8	51.131	NaN
978.03	44.563	NaN
1046.1	52.133	NaN
1082.8	44.592	NaN
1084	49.027	NaN
1034.6	61.507	NaN
1007.7	53.835	NaN
1032.1	53.447	NaN
999.42	50.535	NaN
1083.1	49.985	NaN
NaN	NaN	NaN
1027	64.8	NaN
1040.4	58.878	NaN
1050.9	49.121	NaN
NaN	NaN	NaN
1108	13.214	NaN
1060.6	13.481	NaN
1098.7	36.545	NaN
1005.7	60.118	NaN
1005.7	60.118	NaN
1000.9	52.435	NaN
1010.5	54.171	NaN
1041.1	54.398	NaN
966.78	51.516	NaN
1006.1	51.181	NaN
1010.1	47.014	NaN
1002.2	49.474	NaN
1044.6	67.561	NaN
1035.8	53.688	NaN
1000.5	49.881	NaN
1017.6	54.721	NaN
1022.5	53.446	NaN
1069.3	44.452	NaN
1064.8	65.321	NaN
1049.7	42.544	NaN
1070.1	32.564	NaN
1067.6	54.991	NaN
1069.4	54.349	NaN
1061.7	61.775	NaN
1063.6	69.593	NaN
1052.9	72.176	NaN
1061.3	70.907	NaN
1061.5	68.561	NaN
1046.1	60.8	NaN
1056.5	62.206	NaN
1039.6	42.385	NaN
985.71	51.731	NaN
942.09	41.518	NaN
1013.2	65.276	NaN
1029.2	50.813	NaN
1061.3	32.308	NaN
1050.4	57.108	NaN
1000.8	46.874	NaN
1010.5	66.385	NaN
1074.4	57.741	NaN
NaN	NaN	NaN
1070.1	59.215	NaN
1022.3	57.177	NaN
1052.9	63.267	NaN
1032	77.741	NaN
1027	62.748	NaN
NaN	NaN	NaN
203.11	45.397	NaN
175.71	28.181	NaN
191.56	42.142	NaN
186.88	36.694	NaN
173.85	29	NaN
NaN	NaN	NaN
191.27	48.243	NaN
189.82	44.646	NaN
193.62	43.157	NaN
187.74	38.537	NaN
NaN	NaN	NaN
NaN	NaN	NaN
1061.1	67.156	NaN
1072.2	57.102	NaN
1081	49.738	NaN
1086.8	48.372	NaN
1079.8	53.522	NaN
1079.8	53.522	NaN
1020.3	46.683	NaN
1077.6	54.609	NaN
1081.7	37.583	NaN
1010.1	71.097	NaN
1035.8	45.338	NaN
1035.7	44.703	NaN
1090.2	44.595	NaN
1043.9	45.113	NaN
952.65	38.677	NaN
1023.8	67.071	NaN
1043.1	72.875	NaN
1059.6	77.103	NaN
987.34	49.077	NaN
1049.8	49.886	NaN
998.54	32.735	NaN
1048.4	51.972	NaN
1026.5	52.234	NaN
1039.9	64.095	NaN
1078.8	47.173	NaN
1047.8	44.356	NaN
1024.8	40.809	NaN
974.78	62.972	NaN
1010.7	45.425	NaN
1014.4	66.943	NaN
1034.4	49.403	NaN
1055.6	50.151	NaN
1087.9	47.506	NaN
1074.6	59.631	NaN
1044.4	62.5	NaN
1046.5	65.893	NaN
1038.3	57.387	NaN
1088.1	44.287	NaN
1087.1	46.366	NaN
1096.2	40.344	NaN
1035.4	64.442	NaN
1039.5	64.389	NaN
1102.5	33.011	NaN
1034.4	38.4	NaN
1069	64.981	NaN
1083.3	45.953	NaN
1034	31.97	NaN
1034	31.97	NaN
1050	45.841	NaN
1085.8	45.708	NaN
1063.4	31.956	NaN
NaN	NaN	NaN
1071.6	47.051	NaN
1086	47.366	NaN
1038.1	54.409	NaN
1045.1	44.654	NaN
1039.8	61.087	NaN
1071.4	58.216	NaN
1050.9	57.029	NaN
1049.2	59.066	NaN
NaN	NaN	NaN
1086.6	42.066	NaN
1073.6	44.608	NaN
1068.7	55.348	NaN
1068.6	61.174	NaN
1071.6	60.531	NaN
1069	62.047	NaN
1068.8	58.944	NaN
1073	59.041	NaN
1073.2	53.179	NaN
1058.6	75.513	NaN
1048.1	87.351	NaN
1059.5	59.85	NaN
1046.2	88.265	NaN
1043.9	56.208	NaN
1028.4	66.048	NaN
1049.8	63.445	NaN
1046.5	63.638	NaN
1024.7	55.547	NaN
1031.7	60.537	NaN
983.76	55.205	NaN
1011.6	48.423	NaN
1016.6	39.398	NaN
1026	42.422	NaN
986.61	46.349	NaN
1062.8	34.514	NaN
1043.8	37.581	NaN
1036.4	53.543	NaN
1029.1	60.783	NaN
1039.2	65.125	NaN
1025.2	53.96	NaN
1046	60.295	NaN
1056	74.604	NaN
1053.5	76.44	NaN
1056.6	45.388	NaN
1056.6	45.388	NaN
1072	49.873	NaN
1062.3	66.547	NaN
1045.1	35.474	NaN
1052.5	42.822	NaN
960.02	45.784	NaN
976.31	53.445	NaN
994.77	57.449	NaN
1011.2	58.674	NaN
1058.7	50.976	NaN
1061.7	39.82	NaN
1039.4	55.049	NaN
1035.8	52.732	NaN
1044.6	51.869	NaN
1061.4	56.658	NaN
1078.2	54.457	NaN
1069.2	59.452	NaN
1074.6	54.532	NaN
1073.4	54.413	NaN
1047.7	47.858	NaN
1048.1	54.398	NaN
1066.1	58.1	NaN
1053.9	60.662	NaN
1041.6	64.766	NaN
1056.4	57.167	NaN
1049.5	57.374	NaN
1019.8	42.852	NaN
1002.4	64.813	NaN
981.94	43.13	NaN
1051.2	64.562	NaN
1055.5	63.843	NaN
1038.8	64.963	NaN
1033.4	45.729	NaN
1014.1	52.007	NaN
1031.5	61.391	NaN
1042.4	43.053	NaN
1047.1	44.523	NaN
1024.4	64.506	NaN
1044.9	58.714	NaN
1052.1	50.299	NaN
1077.7	50.281	NaN
1042.7	56.503	NaN
1069.2	54.715	NaN
1066.5	56.215	NaN
1049.6	53.67	NaN
1064.1	56.667	NaN
1046.4	58.049	NaN
1053.4	60.267	NaN
1061	48.068	NaN
1039.8	58.076	NaN
1034.4	55.49	NaN
1060.3	63.465	NaN
981.28	56.321	NaN
1018.5	51.661	NaN
1013.7	56.888	NaN
1012.9	54.387	NaN
990.67	60.346	NaN
1049.8	66.196	NaN
1021.2	43.994	NaN
1002.4	77.943	NaN
1051.4	75.525	NaN
1051.4	75.525	NaN
1072.9	58.704	NaN
1083.5	58.519	NaN
1090.8	37.763	NaN
1016.9	65.321	NaN
1050.7	53.385	NaN
1056.3	55.235	NaN
1071.8	63.418	NaN
1041	60.455	NaN
1018	53.058	NaN
1049.1	51.236	NaN
1020.8	52.355	NaN
1017.7	57.586	NaN
1059.3	54.03	NaN
1048.8	44.681	NaN
1052.8	55.265	NaN
999.65	44.464	NaN
1018.2	56.315	NaN
1022.6	57.971	NaN
1025.4	59.649	NaN
1027.6	69.789	NaN
1031.4	61.238	NaN
1024.8	73.358	NaN
1030.8	58.647	NaN
1020.8	58.189	NaN
1000.9	62.44	NaN
1000.9	57	NaN
1046.8	59.797	NaN
1047.4	55.375	NaN
1007.3	48.917	NaN
1005.7	48.904	NaN
1059.5	67.984	NaN
1039.4	64.302	NaN
1038.7	64.365	NaN
1046.9	59.659	NaN
1047.4	43.833	NaN
1035.5	47.448	NaN
1003.5	43.731	NaN
1065.2	67.271	NaN
1025.7	62.654	NaN
1050.4	82.235	NaN
1064	43.443	NaN
1076.4	44.946	NaN
1009.4	58.154	NaN
1032.1	73.027	NaN
993.24	49.4	NaN
1067.1	57.714	NaN
1045.8	56.028	NaN
1045.2	55.88	NaN
1034.3	51.062	NaN
1050.8	47.248	NaN
1042.1	58.793	NaN
1024.9	58.234	NaN
1039.2	62.919	NaN
1036.3	66.338	NaN
993.28	58.236	NaN
1012.9	60.772	NaN
1028.5	46.611	NaN
1045	56.146	NaN
1008.7	53.192	NaN
1007.4	53.158	NaN
1021.8	60.624	NaN
1051.4	67.354	NaN
1053	57.789	NaN
1000.8	41.728	NaN
1065.8	49.956	NaN
1065.8	49.956	NaN
1088	46.706	NaN
1046.2	58.76	NaN
1061.1	57.763	NaN
1075.4	56.174	NaN
1073.1	58.582	NaN
1073.4	58.294	NaN
1054.3	53.285	NaN
1036.8	62.129	NaN
1063.5	56.603	NaN
996.93	50.403	NaN
1059	63.558	NaN
1062.1	62.634	NaN
1032.7	70.761	NaN
1033.4	78.872	NaN
1022.5	71.93	NaN
1054.2	77.665	NaN
1044.7	69.398	NaN
1044.8	69.44	NaN
1047.9	70.579	NaN
1040.1	69.084	NaN
1059.5	73.328	NaN
1047.1	53.78	NaN
1035.7	75.749	NaN
1049.9	78.47	NaN
1053.1	78.746	NaN
1032	65.82	NaN
998.95	47.916	NaN
991.46	51.873	NaN
1046.3	67.276	NaN
1036.1	63.192	NaN
1044.8	74.798	NaN
1051.4	73.523	NaN
1031.6	70.542	NaN
1019.4	68.446	NaN
1055.8	83.85	NaN
1055.7	84.107	NaN
1025.4	69.133	NaN
1023.8	76.038	NaN
1030.6	76.225	NaN
1061	61.051	NaN
995.43	65.27	NaN
993.5	66.643	NaN
1045.3	61.254	NaN
1063.3	66.387	NaN
1077.9	55.189	NaN
1057.5	61	NaN
1020.7	66.906	NaN
1020.1	66.761	NaN
1044.5	80.988	NaN
1041.7	58.65	NaN
1054.1	61.784	NaN
1038.7	75.945	NaN
1030.2	67.922	NaN
1020.5	57.92	NaN
1031.2	75.088	NaN
1058.1	67.719	NaN
1049.6	77.564	NaN
1023.6	71.349	NaN
1034.4	71.521	NaN
1031.7	66.43	NaN
1023.9	94.525	NaN
1070.3	65.171	NaN
1063.1	65.573	NaN
1061.3	51.458	NaN
1042.7	71.186	NaN
1048.5	71.519	NaN
1059.4	75.381	NaN
1061.1	70.401	NaN
1045.6	62.839	NaN
1049.2	71.358	NaN
1015.9	56.846	NaN
1032.6	59.707	NaN
1027.3	62.168	NaN
1040.5	69.81	NaN
1058.3	62.206	NaN
1053.3	73.178	NaN
1079.2	54.93	NaN
1075	53.855	NaN
1025.5	70.354	NaN
1046.1	60.846	NaN
1033.4	77.158	NaN
1035.8	60.431	NaN
1054.4	70.418	NaN
1055.5	70.676	NaN
1033.8	69.751	NaN
1058.5	60.418	NaN
1039.2	55.902	NaN
1057.8	59.031	NaN
1055.9	57.229	NaN
1058.7	55.367	NaN
1058.3	59.523	NaN
1060.3	61.848	NaN
1036.7	52.362	NaN
1072.7	50.231	NaN
1044.1	50.068	NaN
1032.2	52.045	NaN
1054	80.158	NaN
1057.7	76.53	NaN
1026.3	68.347	NaN
1042.2	63.996	NaN
1043.9	70.146	NaN
1043.9	70.146	NaN
1032.2	88.5	NaN
1061.8	69.636	NaN
1066.5	57.642	NaN
1018.6	73.957	NaN
1023	67.495	NaN
997.07	62.919	NaN
1083.2	40.836	NaN
1066.8	27.711	NaN
1079.6	33.295	NaN
1053.9	57.311	NaN
1072.3	51.568	NaN
1047.2	59.608	NaN
1047.9	56.169	NaN
1024.6	49.581	NaN
1032.7	44.437	NaN
1021.4	49.927	NaN
1023.6	56.431	NaN
1064	70.03	NaN
1066.8	67.569	NaN
1045	69.604	NaN
1009	53.307	NaN
1062.9	60.268	NaN
1052.7	77.357	NaN
1021.1	56.972	NaN
1025.3	54.164	NaN
1062.7	65.438	NaN
1080.3	54.746	NaN
1054.8	59.159	NaN
1075.1	59.894	NaN
1043.9	52.756	NaN
1044.4	53.541	NaN
1046	52.644	NaN
996.3	59.818	NaN
992.69	47.49	NaN
1013.8	36.121	NaN
1062.1	53.32	NaN
1064.4	48.094	NaN
1026.8	22.945	NaN
994.88	37.938	NaN
1045.5	46.211	NaN
970.74	40.842	NaN
1037.7	50.394	NaN
1034	52.33	NaN
1051.5	63.954	NaN
1025.5	53.301	NaN
1044.2	69.287	NaN
1050.4	38.161	NaN
1071.9	36.184	NaN
1075.1	36.582	NaN
1008.5	43.292	NaN
1004.7	41.409	NaN
977.36	43.285	NaN
976.4	45.93	NaN
1099.9	24.678	NaN
1093	24.984	NaN
1049.8	47.813	NaN
1005.7	53.803	NaN
1051.9	54.305	NaN
1033.2	54.159	NaN
1027.6	50.956	NaN
1022.9	55.919	NaN
1024.6	59.505	NaN
1017.6	46.023	NaN
1033	42.145	NaN
1026.8	39.395	NaN
1044.5	66.128	NaN
1037.7	67.901	NaN
1012.3	44.575	NaN
1009.6	30.87	NaN
NaN	NaN	NaN
NaN	NaN	NaN
NaN	NaN	NaN
NaN	NaN	NaN
1088.6	47.864	NaN
1065.8	58.27	NaN
1073.9	48.102	NaN
1043.6	42.576	NaN
NaN	NaN	NaN
NaN	NaN	NaN
1074.4	43.012	NaN
1069.1	61.921	NaN
1030.9	61.881	NaN
1020.9	55.257	NaN
1033.2	61.412	NaN
1019.9	65.505	NaN
1043.7	58.778	NaN
1039.3	53.808	NaN
1067.9	48.33	NaN
1016.9	39.378	NaN
1008.4	43.162	NaN
1008.4	43.162	NaN
1061.4	65.667	NaN
1035.5	54.07	NaN
990.14	52.632	NaN
1077.5	29.229	NaN
1085.7	40.266	NaN
1086.1	41.5	NaN
1062.2	57.011	NaN
1034.8	45.094	NaN
1025.7	37.558	NaN
1029.2	57.272	NaN
1025.7	51.109	NaN
1031.8	61.645	NaN
1010.8	45.017	NaN
1080.2	50.315	NaN
1084.2	49.938	NaN
1073.1	58.965	NaN
1075.9	53.084	NaN
1076.2	52.828	NaN
1098.8	37.079	NaN
1071.8	56.932	NaN
1080.2	50.143	NaN
1066.3	58.232	NaN
1045.4	85.717	NaN
1048.9	82.042	NaN
1029.5	54.701	NaN
1045.9	42.95	NaN
1053.8	44.287	NaN
1065.2	35.082	NaN
1060.7	38.659	NaN
1063.7	35.845	NaN
1013.4	54.339	NaN
1020.8	55.694	NaN
1030.2	72.687	NaN
1057.5	69.13	NaN
NaN	NaN	NaN
NaN	NaN	NaN
1030	52.2	NaN
NaN	NaN	NaN
NaN	NaN	NaN
1067.8	64.914	NaN
1065.3	57	NaN
1066.3	55.403	NaN
1066.4	49.651	NaN
1083.2	45.841	NaN
1025.9	53.697	NaN
1030.7	61.16	NaN
1029.4	55.077	NaN
1026.4	55.728	NaN
1033.7	54.064	NaN
1061.8	42.935	NaN
1058.3	47.18	NaN
1016.8	48.061	NaN
1024.6	46.723	NaN
1031.4	64.16	NaN
1037.7	66.467	NaN
1035.1	44.634	NaN
1033.7	45.584	NaN
1085.2	42.399	NaN
1089.2	37.23	NaN
1074.9	61.289	NaN
NaN	NaN	NaN
1022	65.737	NaN
1056.4	72.291	NaN
1052	63.078	NaN
1029.9	43.444	NaN
1041.2	60.4	NaN
1068.3	36.03	NaN
1021.3	50.34	NaN
1055.4	57.473	NaN
1045	63.553	NaN
1067.1	55.067	NaN
1080.6	46.008	NaN
1070.8	61.81	NaN
1033	49.265	NaN
997.37	50.108	NaN
NaN	NaN	NaN
992.97	45.092	NaN
1027.8	49.25	NaN
1047.8	39.716	NaN
NaN	NaN	NaN
1047	40.833	NaN
NaN	NaN	NaN
NaN	NaN	NaN
NaN	NaN	NaN
1074.7	55.182	NaN
1027.2	60.295	NaN
1046.9	48.523	NaN
1012.8	44.615	NaN
1054.5	59.542	NaN
1046.7	52.959	NaN
1029.6	57.744	NaN
1042	59.779	NaN
1070.3	59.387	NaN
NaN	NaN	NaN
1042.8	53.141	NaN
1044.5	53.377	NaN
NaN	NaN	NaN
NaN	NaN	NaN
NaN	NaN	NaN
NaN	NaN	NaN
NaN	NaN	NaN
NaN	NaN	NaN
NaN	NaN	NaN
1055.1	57.246	NaN
NaN	NaN	NaN
NaN	NaN	NaN
NaN	NaN	NaN
1071.7	59.438	NaN
1072.3	60.446	NaN
1050.7	42.136	NaN
930.81	35.271	NaN
NaN	NaN	NaN
NaN	NaN	NaN
NaN	NaN	NaN
NaN	NaN	NaN
NaN	NaN	NaN
NaN	NaN	NaN
NaN	NaN	NaN
NaN	NaN	NaN
NaN	NaN	NaN
NaN	NaN	NaN
NaN	NaN	NaN
NaN	NaN	NaN
NaN	NaN	NaN
999.5	41.5	NaN
1015.2	31.265	NaN
NaN	NaN	NaN
1019.2	29.778	NaN
NaN	NaN	NaN
1049.1	33.5	NaN
NaN	NaN	NaN
947.82	47.649	NaN
948.86	48.859	NaN
964.1	36.829	NaN
NaN	NaN	NaN
NaN	NaN	NaN
1032.1	34.9	NaN
NaN	NaN	NaN
1009.3	22.914	NaN
NaN	NaN	NaN
999.41	38.661	NaN
NaN	NaN	NaN
NaN	NaN	NaN
NaN	NaN	NaN
NaN	NaN	NaN
NaN	NaN	NaN
NaN	NaN	NaN
NaN	NaN	NaN
NaN	NaN	NaN
1063.5	43.392	NaN
1089.4	45.489	NaN
1063.3	39.795	NaN
1055.7	24.281	NaN
1006.5	45.814	NaN
NaN	NaN	NaN
1068.8	46.243	NaN
1062.3	48.309	NaN
1084.5	47.207	NaN
NaN	NaN	NaN
1046.4	51.939	NaN
1086.9	46.894	NaN
NaN	NaN	NaN
NaN	NaN	NaN
1080.4	55.099	NaN
1086.4	50.579	NaN
1040.5	53.079	NaN
1012.5	41.675	NaN
NaN	NaN	NaN
NaN	NaN	NaN
1078.5	54.397	NaN
NaN	NaN	NaN
1026.4	57.426	NaN
1077.5	37.038	NaN
988.68	43.812	NaN
1000	45.181	NaN
987.78	50.899	NaN
1040.1	50.679	NaN
1016.2	38.088	NaN
972.14	39.854	NaN
994.37	45.539	NaN
1018.1	59.363	NaN
1010.5	48.206	NaN
961.72	46.835	NaN
966.17	40.941	NaN
983.9	42.605	NaN
961.76	36.989	NaN
958.55	36.915	NaN
1007.9	50.455	NaN
994.46	39.924	NaN
969.5	53.26	NaN
977.87	52.417	NaN
919.99	33.111	NaN
925.38	33.25	NaN
1007.8	55.718	NaN
982.29	52.125	NaN
971.75	59.755	NaN
1024.8	82.892	NaN
991.24	60.544	NaN
1039.8	77.72	NaN
NaN	NaN	NaN
NaN	NaN	NaN
987.98	56.055	NaN
973.93	57.3	NaN
1029.9	60.149	NaN
1029.5	59.338	NaN
1034.6	49.966	NaN
1067.3	52.354	NaN
1026.1	36.329	NaN
NaN	NaN	NaN
958.18	37.014	NaN
953.66	37.471	NaN
1008.9	42.089	NaN
1036.5	31.155	NaN
1012.1	43.897	NaN
1038.8	34.926	NaN
1074.9	42.397	NaN
1035.2	42.153	NaN
1072	63.425	NaN
1072.3	47.944	NaN
1071.5	48.564	NaN
1069.6	44.687	NaN
1063.4	55.025	NaN
1067.1	55.412	NaN
NaN	NaN	NaN
1074.8	50.245	NaN
1077.7	47.026	NaN
1070.3	39.88	NaN
NaN	NaN	NaN
NaN	NaN	NaN
1065.2	42.912	NaN
993.34	50.286	NaN
1058.2	35.671	NaN
1038.8	48.918	NaN
1064	52	NaN
1061.9	51.75	NaN
1051.1	60.855	NaN
1046.5	47.972	NaN
1032.5	53.835	NaN
1011.5	44.875	NaN
1046.7	48.23	NaN
1041.2	43.453	NaN
1067.5	48.845	NaN
1082.7	49.263	NaN
1070.6	59.845	NaN
1011.2	51.2	NaN
988.08	46.987	NaN
978.69	42	NaN
1084	50.032	NaN
1020.4	40.826	NaN
1045.8	58.704	NaN
1029.6	55.696	NaN
1027	53.661	NaN
1022.5	53.52	NaN
1032.8	45.132	NaN
1047.3	55.352	NaN
1081.1	42.33	NaN
1080.8	51.084	NaN
1049.6	59.743	NaN
1049.5	58.466	NaN
1040.7	43.575	NaN
1042.5	46.397	NaN
1069.7	53.743	NaN
1048.2	54.527	NaN
1067.9	56.445	NaN
1067.9	56.445	NaN
1027.4	55.25	NaN
1071.7	59.385	NaN
1082.3	50.832	NaN
1063.3	67.219	NaN
1049.9	36.565	NaN
1049.9	36.565	NaN
NaN	NaN	NaN
995.14	46.694	NaN
946.93	45.443	NaN
NaN	NaN	NaN
NaN	NaN	NaN
NaN	NaN	NaN
NaN	NaN	NaN
215.2	63.094	NaN
200.82	52.676	NaN
200.22	53.802	NaN
NaN	NaN	NaN
NaN	NaN	NaN
NaN	NaN	NaN
NaN	NaN	NaN
NaN	NaN	NaN
NaN	NaN	NaN
NaN	NaN	NaN
NaN	NaN	NaN
NaN	NaN	NaN
1072.4	56.022	NaN
1069.5	60.21	NaN
1061.9	55.437	NaN
1062.9	56.25	NaN
1063.9	54.33	NaN
1056.5	61.586	NaN
1056.4	49.708	NaN
1013.3	61.034	NaN
1057	72.128	NaN
984.95	40.655	NaN
978.31	41.676	NaN
1020.7	46.182	NaN
1047.5	37.404	NaN
1004	40.63	NaN
1049.1	35.176	NaN
1040.2	48.398	NaN
1035.8	49.009	NaN
1012.1	52.483	NaN
1040.1	50.864	NaN
1039.4	55.97	NaN
1002.5	48.293	NaN
1055.7	50.431	NaN
1064.4	50.491	NaN
1051.8	68.138	NaN
1006.2	47.831	NaN
1019.7	52.196	NaN
1040.5	62.412	NaN
981.97	38.392	NaN
993.89	41.986	NaN
NaN	NaN	NaN
1043.5	45.689	NaN
940.26	50.226	NaN
991.01	37.079	NaN
1027.4	36.103	NaN
1010	45.325	NaN
1013.5	39.171	NaN
1085.5	47.97	NaN
1003.8	48.716	NaN
1023.9	57.408	NaN
NaN	NaN	NaN
1000.6	50.159	NaN
1010.9	51.631	NaN
1004.2	54.387	NaN
1062	53.44	NaN
1065.4	58.831	NaN
1068.5	60.606	NaN
1015.2	37.598	NaN
1015	37	NaN
977.03	47.361	NaN
969.56	47.534	NaN
1016.1	53.955	NaN
