X1	Y1	ProbId1	X2	Y2	ProbId2	
767.65	686.75	NaN	1158.4	164.72	NaN
767.65	686.75	NaN	1158.3	164.29	NaN
767.65	686.75	NaN	1158.3	164.41	NaN
767.65	686.75	NaN	1158.3	164.29	NaN
767.65	686.75	NaN	1158.2	164.35	NaN
767.65	686.75	NaN	1158.2	164.19	NaN
767.65	686.75	NaN	1158.2	164.19	NaN
767.65	686.75	NaN	1158.1	164.05	NaN
767.65	686.75	NaN	1158.1	164.05	NaN
767.78	687	NaN	1158.1	163.66	NaN
767.78	687	NaN	1158.1	163.66	NaN
767.78	687	NaN	1158.2	163	NaN
767.78	687	NaN	1158.2	163	NaN
767.78	687	NaN	1158.2	163.5	NaN
767.78	687	NaN	1158.2	163.5	NaN
767.78	687	NaN	1158.2	163.5	NaN
767.5	687.45	NaN	1158.2	163.5	NaN
767.36	687.27	NaN	1158.2	163.5	NaN
767.36	687.27	NaN	1158.2	163.5	NaN
767.43	687.19	NaN	1158.2	163.5	NaN
767.43	687.19	NaN	1158.2	163.5	NaN
767.63	687.63	NaN	1158.2	163.64	NaN
767.63	687.63	NaN	1158.2	163.64	NaN
767.63	687.63	NaN	1158.1	163.66	NaN
767.63	687.63	NaN	1158.1	163.66	NaN
767.63	687.63	NaN	1158.1	163.59	NaN
767.63	687.63	NaN	1158.1	163.59	NaN
767.63	687.63	NaN	1158.1	163.59	NaN
767.63	687.63	NaN	1158.1	163.59	NaN
767.63	687.63	NaN	1158.1	163.59	NaN
767.63	687.63	NaN	1158.1	163.59	NaN
767.63	687.63	NaN	1158.1	163.59	NaN
767.63	687.63	NaN	1158.1	163.59	NaN
767.63	687.63	NaN	1158.1	163.59	NaN
767.63	687.63	NaN	1158.1	163.59	NaN
767.63	687.63	NaN	1158.1	163.59	NaN
767.63	687.63	NaN	1158.1	163.59	NaN
767.63	687.63	NaN	1158.1	163.59	NaN
767.63	687.63	NaN	1158.1	163.59	NaN
767.63	687.63	NaN	1158.1	163.59	NaN
767.63	687.63	NaN	1158.1	163.59	NaN
767.63	687.63	NaN	1158.1	163.59	NaN
767.63	687.63	NaN	1158.1	163.59	NaN
767.63	687.63	NaN	1158.1	163.59	NaN
767.63	687.63	NaN	1158.1	163.59	NaN
767.63	687.63	NaN	1158.1	163.59	NaN
767.63	687.63	NaN	1158.1	163.4	NaN
767.63	687.63	NaN	1158.1	163.4	NaN
767.5	686.94	NaN	1158.1	164.55	NaN
767.5	686.94	NaN	1158.1	164.55	NaN
767.5	686.94	NaN	1158.1	164.55	NaN
767.5	686.94	NaN	1158.1	164.55	NaN
767.5	686.94	NaN	1158.1	164.55	NaN
767.5	686.94	NaN	1158.1	164.55	NaN
767.5	686.94	NaN	1158.1	164.55	NaN
767.5	686.94	NaN	1158.1	164.55	NaN
767.5	686.94	NaN	1158.1	164.55	NaN
767.5	686.94	NaN	1158.1	164.55	NaN
767.5	686.94	NaN	1158.1	164.55	NaN
767.5	686.94	NaN	1158.1	164.55	NaN
767.5	686.94	NaN	1158.1	164.55	NaN
767.5	686.94	NaN	1158.1	164.55	NaN
767.5	686.94	NaN	1158.1	164.55	NaN
767.5	686.94	NaN	1158.1	164.55	NaN
767.5	686.94	NaN	1158.1	164.55	NaN
767.5	686.94	NaN	1158.1	164.55	NaN
767.5	686.94	NaN	1158.1	164.55	NaN
767.5	686.94	NaN	1158.1	164.55	NaN
767.5	686.94	NaN	1158.1	164.55	NaN
767.72	687.11	NaN	1158.1	164.55	NaN
767.72	687.11	NaN	1158.1	164.55	NaN
767.72	687.11	NaN	1158.1	164.55	NaN
767.72	687.11	NaN	1158.1	164.55	NaN
767.72	687.11	NaN	1158.1	164.55	NaN
767.72	687.11	NaN	1158.1	164.55	NaN
767.72	687.11	NaN	1158.1	164.55	NaN
767.72	687.11	NaN	1158.1	164.55	NaN
767.72	687.11	NaN	1158.1	164.55	NaN
767.72	687.11	NaN	1158.1	164.55	NaN
767.72	687.11	NaN	1158.1	164.55	NaN
767.72	687.11	NaN	1158.1	164.55	NaN
767.72	687.11	NaN	1158.1	164.65	NaN
767.72	687.11	NaN	1158.1	164.79	NaN
767.72	687.11	NaN	1158.1	164.79	NaN
767.72	687.11	NaN	1158.2	164.94	NaN
767.72	687.11	NaN	1158.2	164.94	NaN
767.53	687.47	NaN	1158.1	164.81	NaN
767.53	687.47	NaN	1158.1	164.81	NaN
767.72	687.11	NaN	1158.1	164.81	NaN
767.53	687.47	NaN	1158.1	164.81	NaN
767.53	687.47	NaN	1158.1	164.81	NaN
767.72	687.11	NaN	1158.1	164.81	NaN
767.63	687.21	NaN	1158.1	164.81	NaN
767.53	687.47	NaN	1158.1	164.81	NaN
767.53	687.47	NaN	1158.1	164.81	NaN
767.63	687.21	NaN	1158.1	164.81	NaN
767.45	687.6	NaN	1158.1	164.11	NaN
767.45	687.6	NaN	1158.1	164.01	NaN
767.45	687.6	NaN	1158.1	163.87	NaN
767.45	687.6	NaN	1158.1	163.87	NaN
767.45	687.6	NaN	1158.1	163.83	NaN
767.45	687.6	NaN	1158.1	164.01	NaN
767.45	687.6	NaN	1158.1	164.11	NaN
767.45	687.6	NaN	1158.1	163.87	NaN
767.45	687.6	NaN	1158.1	164.11	NaN
767.45	687.6	NaN	1158.1	164.11	NaN
767.45	687.6	NaN	1158.1	164.11	NaN
767.45	687.6	NaN	1158.1	164.11	NaN
767.45	687.6	NaN	1158.1	164.11	NaN
767.45	687.6	NaN	1158.1	164.11	NaN
767.45	687.6	NaN	1158.1	164.11	NaN
767.45	687.6	NaN	1158.1	164.11	NaN
767.45	687.6	NaN	1158.1	164.11	NaN
767.45	687.6	NaN	1158.1	164.11	NaN
767.45	687.6	NaN	1158.1	164.11	NaN
767.45	687.6	NaN	1158.1	164.11	NaN
767.45	687.6	NaN	1158.1	164.11	NaN
767.45	687.6	NaN	1158.1	164.11	NaN
767.45	687.6	NaN	1158.1	164.11	NaN
767.45	687.6	NaN	1158.1	164.11	NaN
767.45	687.6	NaN	1158.1	164.11	NaN
767.45	687.6	NaN	1158.1	164.11	NaN
767.45	687.6	NaN	1158.1	164.11	NaN
767.45	687.6	NaN	1158.1	164.11	NaN
767.45	687.6	NaN	1158.1	164.11	NaN
767.45	687.6	NaN	1158.1	164.11	NaN
767.45	687.6	NaN	1158.1	164.11	NaN
767.45	687.6	NaN	1158.1	164.11	NaN
767.45	687.6	NaN	1158.1	164.11	NaN
767.45	687.6	NaN	1158.1	164.11	NaN
767.45	687.6	NaN	1158.1	164.11	NaN
767.45	687.6	NaN	1158.2	164.13	NaN
767.45	687.6	NaN	1158.2	164.13	NaN
767.45	687.6	NaN	1158.2	164.13	NaN
767.45	687.6	NaN	1158.2	164.13	NaN
767.45	687.6	NaN	1158.2	164.13	NaN
767.45	687.6	NaN	1158.1	164.11	NaN
767.45	687.6	NaN	1158.1	164.11	NaN
767.45	687.6	NaN	1158.1	164.11	NaN
767.45	687.6	NaN	1158.1	164.11	NaN
767.45	687.6	NaN	1158.1	164.11	NaN
767.45	687.6	NaN	1158.1	164.11	NaN
767.45	687.6	NaN	1158.1	164.11	NaN
767.45	687.6	NaN	1158.1	164.11	NaN
767.14	688.9	NaN	1158.1	164.75	NaN
767.14	688.9	NaN	1158.1	164.75	NaN
767.14	688.9	NaN	1158.1	164.75	NaN
767.14	688.9	NaN	1158.1	164.75	NaN
767.14	688.9	NaN	1158.1	164.75	NaN
767.14	688.9	NaN	1158.1	164.75	NaN
767.14	688.9	NaN	1158.1	164.75	NaN
767.14	688.9	NaN	1158.1	164.75	NaN
767.14	688.9	NaN	1158.1	164.75	NaN
767.14	688.9	NaN	1158.1	164.75	NaN
767.14	688.9	NaN	1158.1	164.75	NaN
767.14	688.9	NaN	1158.1	164.75	NaN
767.14	688.9	NaN	1158.1	164.75	NaN
767.14	688.9	NaN	1158.1	164.75	NaN
767.14	688.9	NaN	1158.1	164.87	NaN
767.14	688.9	NaN	1158.1	164.87	NaN
767.14	688.9	NaN	1158.1	164.87	NaN
767.14	688.9	NaN	1158.1	164.87	NaN
767.14	688.9	NaN	1158.1	164.87	NaN
767.14	688.9	NaN	1158.1	164.87	NaN
767.14	688.9	NaN	1158.1	164.87	NaN
767.14	688.9	NaN	1158.1	164.87	NaN
767.14	688.9	NaN	1158.1	164.88	NaN
767.14	688.9	NaN	1158.1	164.88	NaN
767.14	688.9	NaN	1158.1	163.9	NaN
767.14	688.9	NaN	1158.1	163.36	NaN
767.14	688.9	NaN	1158.1	162.83	NaN
767.14	688.9	NaN	1158.1	162.83	NaN
767.14	688.9	NaN	1158.1	162.83	NaN
767.14	688.9	NaN	1158.1	162.83	NaN
767.14	688.9	NaN	1158.1	162.83	NaN
767.14	688.9	NaN	1158.1	162.83	NaN
767.14	688.9	NaN	1158.1	162.83	NaN
767.14	688.9	NaN	1158.1	162.83	NaN
767.14	688.9	NaN	1158.1	162.83	NaN
767.14	688.9	NaN	1158.1	162.83	NaN
767.14	688.9	NaN	1158.1	162.83	NaN
767.14	688.9	NaN	1158.1	162.83	NaN
767.14	688.9	NaN	1158.1	162.83	NaN
767.14	688.9	NaN	1158.1	162.83	NaN
767.14	688.9	NaN	1158.1	162.83	NaN
767.14	688.9	NaN	1158.1	162.83	NaN
767.14	688.9	NaN	1158.1	162.83	NaN
767.14	688.9	NaN	1158.1	162.83	NaN
767.14	688.9	NaN	1158.1	162.83	NaN
767.14	688.9	NaN	1158.1	162.85	NaN
767.14	688.9	NaN	1158.1	162.85	NaN
767.14	688.9	NaN	1158.1	162.85	NaN
767.32	687.58	NaN	1158.3	164.63	NaN
767.32	687.58	NaN	1158.3	164.63	NaN
767.32	687.58	NaN	1158.3	164.63	NaN
767.32	687.58	NaN	1158.3	164.63	NaN
767.32	687.58	NaN	1158.3	164.63	NaN
767.32	687.58	NaN	1158.3	164.63	NaN
767.32	687.58	NaN	1158.3	164.63	NaN
767.32	687.58	NaN	1158.3	164.63	NaN
767.32	687.58	NaN	1158.3	164.63	NaN
767.32	687.58	NaN	1158.3	164.63	NaN
767.32	687.58	NaN	1158.3	164.63	NaN
767.32	687.58	NaN	1158.3	164.63	NaN
767.32	687.58	NaN	1158.3	164.63	NaN
767.32	687.58	NaN	1158.3	164.63	NaN
767.32	687.58	NaN	1158.3	164.63	NaN
767.32	687.58	NaN	1158.3	164.63	NaN
767.32	687.58	NaN	1158.3	164.63	NaN
767.32	687.58	NaN	1158.3	164.9	NaN
767.32	687.58	NaN	1158.3	164.9	NaN
767.32	687.58	NaN	1158.3	165.03	NaN
767.32	687.58	NaN	1158.3	165.03	NaN
767.32	687.58	NaN	1158.3	164.98	NaN
767.32	687.58	NaN	1158.3	164.98	NaN
767.32	687.58	NaN	1158.3	164.98	NaN
767.32	687.58	NaN	1158.3	164.85	NaN
767.32	687.58	NaN	1158.3	164.85	NaN
767.32	687.58	NaN	1158.3	164.85	NaN
767.32	687.58	NaN	1158.3	164.85	NaN
767.32	687.58	NaN	1158.4	164.6	NaN
767.32	687.58	NaN	1158.3	164.85	NaN
767.32	687.58	NaN	1158.3	164.85	NaN
767.32	687.58	NaN	1158.3	164.85	NaN
767.32	687.58	NaN	1158.4	164.7	NaN
767.5	687.22	NaN	1158.3	164.85	NaN
767.52	687.7	NaN	1158.3	164.69	NaN
767.24	687.88	NaN	1158.3	164.82	NaN
767.47	688.88	NaN	1158.3	164.67	NaN
769.29	686.96	NaN	1158.3	164.49	NaN
769.18	685.41	NaN	1158.3	165.01	NaN
769.94	682.94	NaN	1158.3	165.01	NaN
769.73	683.07	NaN	1158.3	165.01	NaN
769.75	682.75	NaN	1158.3	165.01	NaN
769.27	682.41	NaN	1158.3	164.45	NaN
769.74	681.89	NaN	1158.3	164.39	NaN
766	683.06	NaN	1158.3	164.39	NaN
753.14	687.86	NaN	1158.3	164.39	NaN
734.76	692.33	NaN	1158.3	164.39	NaN
731.76	685.86	NaN	1158.3	164.39	NaN
728.6	678.15	NaN	1158.2	163.53	NaN
722.08	679.31	NaN	1158.3	164.1	NaN
724.56	677.31	NaN	1158.4	164.16	NaN
723.23	675.09	NaN	1158.4	164.29	NaN
711.32	677.3	NaN	1158.4	164.32	NaN
703.96	679.13	NaN	1158.3	163.99	NaN
702.9	674.45	NaN	1158.2	163.51	NaN
702.04	671.74	NaN	1158.3	165.06	NaN
701.95	675.57	NaN	1158.4	164.16	NaN
700.38	673.52	NaN	1158.4	164.44	NaN
698.52	671.04	NaN	1158.4	164.29	NaN
696	673.47	NaN	1158.4	164.47	NaN
694.86	674	NaN	1158.3	163.88	NaN
694.04	671.48	NaN	1158.4	165.06	NaN
693.6	673.2	NaN	1158.3	164.35	NaN
692.78	674.22	NaN	1158.3	164.34	NaN
693.1	671.65	NaN	1158.3	163.58	NaN
692.87	671.6	NaN	1158.3	163.52	NaN
694.3	673.15	NaN	1158.3	163.52	NaN
694.68	673.52	NaN	1158.3	163.58	NaN
694.21	673.21	NaN	1158.3	163.58	NaN
694.16	672.21	NaN	1158.3	164.18	NaN
695.29	673.71	NaN	1158.3	164.18	NaN
695.36	676.68	NaN	1158.3	164.18	NaN
694.7	677.87	NaN	1158.3	164.18	NaN
695.65	674.17	NaN	1158.3	164.1	NaN
695.43	673.13	NaN	1158.3	164.1	NaN
694.92	674.42	NaN	1158.3	164.1	NaN
695.33	672.79	NaN	1158.3	164.1	NaN
696.05	671.14	NaN	1158.4	163.96	NaN
695.56	671.72	NaN	1158.5	163.89	NaN
695.71	671.29	NaN	1158.5	163.89	NaN
696.2	671.45	NaN	1158.5	165.09	NaN
696.8	671.93	NaN	1158.5	164.82	NaN
696.2	671.45	NaN	1158.5	164.9	NaN
696.5	671.4	NaN	1158.5	164.9	NaN
696.8	671.93	NaN	1158.5	164.9	NaN
696.8	671.93	NaN	1158.5	164.9	NaN
695.84	671.58	NaN	1158.5	164.9	NaN
696.71	671.33	NaN	1158.5	164.9	NaN
696.95	671.32	NaN	1158.5	164.9	NaN
696.74	671	NaN	1158.5	164.9	NaN
697.82	670.88	NaN	1158.5	164.9	NaN
697.69	670	NaN	1158.5	165.5	NaN
698.69	669.81	NaN	1158.5	165.5	NaN
698.82	670	NaN	1158.6	165.42	NaN
701.41	671.82	NaN	1158.6	165.42	NaN
701.06	669.44	NaN	1158.6	165.42	NaN
701.68	666.95	NaN	1158.5	164.8	NaN
702.26	665.84	NaN	1158.5	164.8	NaN
707.96	665.36	NaN	1158.5	164.8	NaN
713.8	668.33	NaN	1158.5	164.8	NaN
711.95	669.11	NaN	1158.3	164.88	NaN
713.96	668.57	NaN	1158.3	164.73	NaN
712.64	667	NaN	1158.3	164.24	NaN
716	666	NaN	1158.5	164.49	NaN
718.81	666.88	NaN	1158.6	165.05	NaN
717.95	667.95	NaN	1158.6	165.06	NaN
719.55	667.27	NaN	1158.5	164.26	NaN
718.73	667.18	NaN	1158.5	164.3	NaN
718.07	667	NaN	1158.3	164.48	NaN
717.68	667.68	NaN	1158.5	164.26	NaN
717.92	667.88	NaN	1158.6	165.05	NaN
717.31	667	NaN	1158.6	165.05	NaN
717.94	666.76	NaN	1158.5	164.26	NaN
717.63	666.42	NaN	1158.5	164.83	NaN
718.05	666.74	NaN	1158.5	164.82	NaN
717.32	666.5	NaN	1158.6	164.88	NaN
717.94	667	NaN	1158.6	164.88	NaN
719.17	666.94	NaN	1158.6	164.88	NaN
720.37	666.84	NaN	1158.6	164.81	NaN
721.12	666.88	NaN	1158.6	164.81	NaN
722.06	665.76	NaN	1158.6	164.81	NaN
722.71	665.88	NaN	1158.6	164.88	NaN
721.4	664.27	NaN	1158.6	164.88	NaN
721.93	664.93	NaN	1158.6	164.88	NaN
721.55	664.55	NaN	1158.6	164.81	NaN
721.86	664	NaN	1158.6	164.81	NaN
722.61	664.89	NaN	1158.6	164.81	NaN
722.53	664.89	NaN	1158.6	164.81	NaN
722.53	663.89	NaN	1158.6	164.81	NaN
722.64	666	NaN	1158.6	164.82	NaN
722.64	666.92	NaN	1158.5	164.87	NaN
722.46	667.15	NaN	1158.5	164.71	NaN
722.63	666.13	NaN	1158.4	164.79	NaN
722.38	665.92	NaN	1158.6	164.5	NaN
722.52	665.92	NaN	1158.6	164.81	NaN
722.24	665.34	NaN	1158.6	164.81	NaN
723.04	665.19	NaN	1158.5	164.3	NaN
722.61	665.07	NaN	1158.5	164.31	NaN
722.65	665.04	NaN	1158.5	164.41	NaN
722.21	665.41	NaN	1158.5	165.01	NaN
722.24	665.36	NaN	1158.5	164.85	NaN
721.62	664.65	NaN	1158.6	164.83	NaN
721.85	664.74	NaN	1158.6	165.45	NaN
722.17	664.72	NaN	1158.6	164.73	NaN
722.08	664.62	NaN	1158.6	165.03	NaN
722.04	664.82	NaN	1158.6	165.03	NaN
722.04	664.82	NaN	1158.6	165.03	NaN
722.04	664.82	NaN	1158.6	165.03	NaN
722.21	664.9	NaN	1158.6	165.03	NaN
722.21	664.9	NaN	1158.6	165.27	NaN
721.77	664.65	NaN	1158.4	165.39	NaN
720.68	663.04	NaN	1158.4	165.57	NaN
720.46	662.13	NaN	1158.4	165.57	NaN
719.74	660.7	NaN	1158.4	165.57	NaN
720	658.19	NaN	1158.4	165.57	NaN
719.32	656.68	NaN	1158.4	165.57	NaN
720.52	655.67	NaN	1158.4	165.39	NaN
722.65	654.15	NaN	1158.4	165.57	NaN
720.22	650.87	NaN	1158.4	165.57	NaN
721.78	650.96	NaN	1158.4	165.57	NaN
722.8	650.2	NaN	1158.4	165.57	NaN
722.81	644.81	NaN	1158.4	165.57	NaN
722.72	642.89	NaN	1158.4	165.57	NaN
724.83	643.29	NaN	1158.4	165.57	NaN
727.44	642.24	NaN	1158.4	165.57	NaN
726.89	640.79	NaN	1158.4	165.57	NaN
726.22	639	NaN	1158.4	165.57	NaN
727.47	639.76	NaN	1158.4	165.57	NaN
727.89	640.74	NaN	1158.4	165.57	NaN
729.59	638.27	NaN	1158.4	165.57	NaN
728.84	636.42	NaN	1158.4	165.57	NaN
731.31	637.08	NaN	1158.4	165.57	NaN
730.63	636.81	NaN	1158.4	165.57	NaN
730.86	636.36	NaN	1158.4	165.57	NaN
731.86	637.05	NaN	1158.4	165.57	NaN
730.11	635.68	NaN	1158.4	165.57	NaN
728.65	634.41	NaN	1158.4	165.57	NaN
728.86	635.29	NaN	1158.4	165.57	NaN
730.04	635.69	NaN	1158.4	165.57	NaN
728.78	633.28	NaN	1158.4	165.57	NaN
730.93	632.07	NaN	1158.4	165.57	NaN
729.92	632.88	NaN	1158.4	165.57	NaN
730.39	631.61	NaN	1158.4	165.57	NaN
730.47	631	NaN	1158.4	165.57	NaN
730.33	630.63	NaN	1158.4	165.57	NaN
731.17	631.22	NaN	1158.4	165.57	NaN
731.08	630	NaN	1158.4	165.57	NaN
731.1	629.86	NaN	1158.4	165.57	NaN
731.95	631.27	NaN	1158.4	165.57	NaN
740.03	631.15	NaN	1158.4	165.57	NaN
746.71	630.75	NaN	1158.4	165.57	NaN
748.74	626.65	NaN	1158.4	165.57	NaN
746.11	624.21	NaN	1158.5	165.47	NaN
748.31	624	NaN	1158.5	165.47	NaN
749.5	623.88	NaN	1158.5	165.47	NaN
749.3	623.26	NaN	1158.5	165.47	NaN
753.24	623.47	NaN	1158.5	165.47	NaN
753.45	623.76	NaN	1158.5	165.47	NaN
752.46	621.92	NaN	1158.5	165.47	NaN
751.32	622.2	NaN	1158.5	165.47	NaN
748.89	617.15	NaN	1158.5	165.47	NaN
746.07	614.07	NaN	1158.7	164.88	NaN
747.2	612.56	NaN	1158.7	164.88	NaN
751.44	612.19	NaN	1158.7	164.98	NaN
753.85	612.19	NaN	1158.7	164.83	NaN
753	607.13	NaN	1158.7	164.98	NaN
753.75	606.35	NaN	1158.7	164.98	NaN
755.05	606.77	NaN	1158.7	164.98	NaN
753.3	604.91	NaN	1158.7	164.98	NaN
752.71	603.76	NaN	1158.7	164.98	NaN
748.59	597.76	NaN	1158.7	164.98	NaN
750.48	596.33	NaN	1158.7	164.98	NaN
752.04	598	NaN	1158.7	164.98	NaN
751.65	594.4	NaN	1158.7	164.98	NaN
752.63	593.13	NaN	1158.7	164.98	NaN
752	592.11	NaN	1158.7	164.98	NaN
750.93	590	NaN	1158.7	164.98	NaN
751.43	590.81	NaN	1158.7	164.98	NaN
750.57	589	NaN	1158.7	164.98	NaN
750	587.45	NaN	1158.7	164.98	NaN
750.21	588.29	NaN	1158.7	164.98	NaN
749.75	587.58	NaN	1158.6	165.05	NaN
750.11	587.85	NaN	1158.6	164.94	NaN
750.04	587.84	NaN	1158.6	164.94	NaN
750.31	587.69	NaN	1158.6	164.94	NaN
750.31	587.69	NaN	1158.6	164.94	NaN
750	587.71	NaN	1158.6	164.94	NaN
750.42	587.77	NaN	1158.6	164.94	NaN
749.96	587	NaN	1158.6	164.94	NaN
748.38	585.46	NaN	1158.6	164.94	NaN
749.04	584.62	NaN	1158.6	164.94	NaN
748.96	581.78	NaN	1158.6	164.94	NaN
747.58	581.88	NaN	1158.6	164.94	NaN
748	581.45	NaN	1158.6	164.94	NaN
747.96	580.96	NaN	1158.6	164.94	NaN
746.7	579.48	NaN	1158.6	164.94	NaN
747.1	579.24	NaN	1158.6	164.94	NaN
747.33	579.67	NaN	1158.6	164.94	NaN
747.87	578.61	NaN	1158.6	164.94	NaN
748.11	576.58	NaN	1158.6	164.94	NaN
748.95	577.18	NaN	1158.6	165.37	NaN
749.41	577.23	NaN	1158.6	165.37	NaN
750.64	577.86	NaN	1158.6	165.37	NaN
751.9	576.9	NaN	1158.6	165.37	NaN
752.05	575.68	NaN	1158.6	165.37	NaN
751.7	575.8	NaN	1158.6	165.37	NaN
750.86	575.95	NaN	1158.6	165.37	NaN
751.64	574.86	NaN	1158.6	165.37	NaN
751	575.9	NaN	1158.6	165.37	NaN
750.79	575.05	NaN	1158.6	165.37	NaN
751.54	575.08	NaN	1158.6	165.37	NaN
751.76	575.24	NaN	1158.6	165.37	NaN
752.33	574.71	NaN	1158.6	165.37	NaN
753.19	573.81	NaN	1158.6	165.37	NaN
754.72	573.28	NaN	1158.6	165.37	NaN
755.35	573	NaN	1158.6	165.37	NaN
756.31	572.56	NaN	1158.6	165.37	NaN
757.65	572.18	NaN	1158.6	165.37	NaN
759.3	570.48	NaN	1158.6	165.37	NaN
761.68	569.93	NaN	1158.6	165.37	NaN
763.13	567	NaN	1158.6	165.37	NaN
761.38	566.88	NaN	1158.6	165.37	NaN
762.71	565.29	NaN	1158.6	165.37	NaN
763.79	560.33	NaN	1158.6	165.37	NaN
765.69	558.92	NaN	1158.6	165.37	NaN
766.89	553.11	NaN	1158.6	165.37	NaN
767.69	548.69	NaN	1158.6	165.37	NaN
770.9	549.71	NaN	1158.6	165.37	NaN
774.65	547.24	NaN	1158.6	165.37	NaN
775.35	546.96	NaN	1158.6	165.37	NaN
776.92	547.42	NaN	1158.6	165.37	NaN
776.39	546.17	NaN	1158.6	165.37	NaN
777.28	543.1	NaN	1158.6	165.37	NaN
778.4	541.4	NaN	1158.6	165.37	NaN
779.08	541.8	NaN	1158.6	165.37	NaN
780.84	542.16	NaN	1158.6	165.37	NaN
781.32	542.53	NaN	1158.6	165.37	NaN
781.68	542.2	NaN	1158.6	165.37	NaN
781.33	541.46	NaN	1158.6	165.37	NaN
782.63	541.07	NaN	1158.6	165.37	NaN
782.57	541.26	NaN	1158.6	165.37	NaN
784.07	540.67	NaN	1158.6	165.37	NaN
783.93	540.73	NaN	1158.6	165.37	NaN
783.39	540.36	NaN	1158.6	165.37	NaN
783.22	540.35	NaN	1158.6	165.37	NaN
784.27	540.5	NaN	1158.6	165.37	NaN
783.55	540.81	NaN	1158.6	165.37	NaN
783.61	540.32	NaN	1158.6	165.37	NaN
784.21	540.66	NaN	1158.6	164.67	NaN
784.18	541	NaN	1158.6	164.67	NaN
784.16	540.61	NaN	1158.6	164.67	NaN
783.5	540.56	NaN	1158.6	164.67	NaN
783.77	541.08	NaN	1158.6	164.67	NaN
784	540.87	NaN	1158.6	164.67	NaN
782.71	539.65	NaN	1158.6	164.67	NaN
784.14	540.59	NaN	1158.6	164.67	NaN
784.67	540.8	NaN	1158.6	164.67	NaN
783.8	540.13	NaN	1158.6	164.67	NaN
783.59	539.52	NaN	1158.6	164.67	NaN
783.61	540.13	NaN	1158.6	164.67	NaN
783.52	540.32	NaN	1158.6	164.67	NaN
783.62	540.04	NaN	1158.6	164.67	NaN
783.7	539.55	NaN	1158.6	164.67	NaN
784.38	538.63	NaN	1158.6	164.67	NaN
784.95	538.59	NaN	1158.6	164.67	NaN
784.94	538.65	NaN	1158.6	164.67	NaN
784.9	539	NaN	1158.6	164.67	NaN
784.81	537.9	NaN	1158.6	164.67	NaN
786.04	535.83	NaN	1158.6	164.67	NaN
786.75	534.79	NaN	1158.6	164.67	NaN
788.74	532.3	NaN	1158.6	164.67	NaN
789.46	529.96	NaN	1158.6	164.67	NaN
789.7	528.04	NaN	1158.6	164.67	NaN
790.56	526.5	NaN	1158.6	164.67	NaN
791.08	524.6	NaN	1158.6	164.67	NaN
790.54	522.5	NaN	1158.6	164.67	NaN
789.48	521.29	NaN	1158.7	166.48	NaN
790.25	521.8	NaN	1158.6	164.67	NaN
790.13	520.78	NaN	1158.7	166.48	NaN
788.96	520.19	NaN	1158.6	164.67	NaN
788.65	520.48	NaN	1158.6	164.67	NaN
789.14	520.32	NaN	1158.6	164.77	NaN
788.15	520.15	NaN	1158.6	164.77	NaN
788.31	519.12	NaN	1158.6	164.77	NaN
789.05	520.23	NaN	1158.6	164.77	NaN
789	519.64	NaN	1158.6	164.77	NaN
788.96	519.87	NaN	1158.6	164.77	NaN
788.96	519.87	NaN	1158.6	164.77	NaN
789	519.64	NaN	1158.6	164.77	NaN
788.91	519.3	NaN	1158.6	164.77	NaN
789.38	516.67	NaN	1158.6	164.77	NaN
790.5	514.43	NaN	1158.6	164.77	NaN
790.67	514.33	NaN	1158.6	164.77	NaN
791.79	513.79	NaN	1158.6	164.86	NaN
792.17	512.17	NaN	1158.6	164.86	NaN
792.26	510.7	NaN	1158.6	164.52	NaN
791.62	510.92	NaN	1158.6	165.18	NaN
791.83	510.06	NaN	1158.6	165.18	NaN
790.52	510.62	NaN	1158.6	165.18	NaN
791.65	509.5	NaN	1158.6	165.18	NaN
790.75	506.75	NaN	1158.6	165.18	NaN
790.75	507.33	NaN	1158.6	165.18	NaN
791.84	506.28	NaN	1158.6	165.18	NaN
791.5	505.64	NaN	1158.6	165.18	NaN
792.14	504.27	NaN	1158.6	165.18	NaN
792.33	504.88	NaN	1158.7	165.09	NaN
793.5	504.81	NaN	1158.7	165.09	NaN
794.26	504.96	NaN	1158.7	165.09	NaN
795.22	505.65	NaN	1158.7	165.21	NaN
796.6	505.88	NaN	1158.7	165.09	NaN
797.71	505.71	NaN	1158.7	165.09	NaN
798.36	504.77	NaN	1158.7	165.09	NaN
800	505.08	NaN	1158.7	165.09	NaN
799.85	504.77	NaN	1158.7	165.09	NaN
799.92	503.25	NaN	1158.7	165.09	NaN
801.12	502.81	NaN	1158.7	165.09	NaN
801.38	502.23	NaN	1158.7	165.09	NaN
802.32	500.75	NaN	1158.7	165.1	NaN
803	498.65	NaN	1158.7	165.1	NaN
804.05	497.95	NaN	1158.7	165.1	NaN
804.79	497.71	NaN	1158.7	165.1	NaN
807	495.85	NaN	1158.7	165.1	NaN
809.13	493.75	NaN	1158.7	165.1	NaN
808.68	494.79	NaN	1158.7	165.1	NaN
808.43	493.07	NaN	1158.7	165.1	NaN
808.67	489.47	NaN	1158.7	165.1	NaN
809.52	489.65	NaN	1158.7	165.1	NaN
812.22	488.89	NaN	1158.7	165.1	NaN
814.24	487.76	NaN	1158.7	165.1	NaN
812.67	486.5	NaN	1158.7	165.1	NaN
811.7	486.8	NaN	1158.7	165.1	NaN
811.65	486.39	NaN	1158.7	165.1	NaN
812.65	484.65	NaN	1158.7	165.1	NaN
815.2	481.28	NaN	1158.7	165.1	NaN
815.8	480.5	NaN	1158.7	165.1	NaN
816.23	481.08	NaN	1158.7	165.1	NaN
817.11	480.5	NaN	1158.7	165.1	NaN
817.07	481	NaN	1158.7	165.1	NaN
817.35	480.41	NaN	1158.7	165.1	NaN
817.74	478.79	NaN	1158.7	165.1	NaN
816.75	478.8	NaN	1158.7	165.1	NaN
817.13	478.53	NaN	1158.7	165.1	NaN
817.4	478.4	NaN	1158.7	165.1	NaN
817.43	478.21	NaN	1158.7	165.1	NaN
817.8	478.9	NaN	1158.6	165.13	NaN
817.13	478.63	NaN	1158.6	165.13	NaN
816.44	478	NaN	1158.6	165.13	NaN
815.83	476.43	NaN	1158.6	165.13	NaN
816.08	474.42	NaN	1158.6	165.13	NaN
817.77	472.86	NaN	1158.6	165.13	NaN
819	472.1	NaN	1158.6	165.13	NaN
818.29	469.76	NaN	1158.6	165.13	NaN
817.57	468.96	NaN	1158.6	165.13	NaN
818.28	468.22	NaN	1158.6	165.13	NaN
818.65	465.91	NaN	1158.6	165.13	NaN
818.38	463.81	NaN	1158.6	165.13	NaN
818.92	463.63	NaN	1158.6	165.13	NaN
820.8	462.2	NaN	1158.6	165.13	NaN
822.67	458.75	NaN	1158.6	165.13	NaN
823.05	456.86	NaN	1158.6	165.13	NaN
822.94	455.38	NaN	1158.6	165.13	NaN
822.28	454.52	NaN	1158.6	165.13	NaN
823.05	455.15	NaN	1158.6	165.13	NaN
823.19	455.24	NaN	1158.6	165.13	NaN
824.07	454.2	NaN	1158.6	165.13	NaN
823.16	452.89	NaN	1158.6	165.13	NaN
822.97	452.77	NaN	1158.6	165.13	NaN
824.35	453.06	NaN	1158.6	165.13	NaN
824.47	452.74	NaN	1158.6	165.13	NaN
825.88	450.92	NaN	1158.6	165.13	NaN
827.32	449.95	NaN	1158.6	165.13	NaN
830.42	447.79	NaN	1158.6	165.13	NaN
833.13	445.69	NaN	1158.6	165.13	NaN
831.35	445.35	NaN	1158.6	165.13	NaN
830.11	445.89	NaN	1158.6	165.13	NaN
831.14	446.27	NaN	1158.6	165.13	NaN
833.17	446.44	NaN	1158.6	164.52	NaN
832.89	444.83	NaN	1158.6	165.13	NaN
833.69	444.63	NaN	1158.6	165.13	NaN
834.52	446.35	NaN	1158.6	165.13	NaN
834.96	444.75	NaN	1158.6	164.98	NaN
834.46	445.69	NaN	1158.6	164.98	NaN
833.93	446.14	NaN	1158.6	164.98	NaN
834.64	444.54	NaN	1158.6	164.98	NaN
833.83	445.54	NaN	1158.6	164.98	NaN
832	443.18	NaN	1158.6	164.98	NaN
829.79	441.18	NaN	1158.6	164.98	NaN
830.27	442.14	NaN	1158.6	164.98	NaN
828.39	441.65	NaN	1158.6	164.98	NaN
828.12	440.5	NaN	1158.6	164.98	NaN
828.26	441.61	NaN	1158.6	164.98	NaN
827.75	440.88	NaN	1158.6	164.98	NaN
828.25	440.95	NaN	1158.5	164.47	NaN
827.86	441.38	NaN	1158.5	164.47	NaN
828.05	440.82	NaN	1158.5	164.47	NaN
827.55	441.59	NaN	1158.5	164.47	NaN
826.95	439.79	NaN	1158.5	164.47	NaN
827.21	437.47	NaN	1158.5	164.47	NaN
826.17	437.22	NaN	1158.5	164.47	NaN
825.27	436.95	NaN	1158.5	164.47	NaN
825.11	437.56	NaN	1158.5	164.47	NaN
824.05	436.62	NaN	1158.5	164.47	NaN
823.65	435.96	NaN	1158.5	164.47	NaN
823.24	436.19	NaN	1158.5	164.47	NaN
823.19	435.27	NaN	1158.5	164.47	NaN
822.9	435.38	NaN	1158.5	164.47	NaN
823	435.52	NaN	1158.5	164.47	NaN
822.4	433.5	NaN	1158.5	164.47	NaN
822.1	433.65	NaN	1158.5	164.47	NaN
821.68	434.2	NaN	1158.5	164.47	NaN
821.85	433.89	NaN	1158.5	164.47	NaN
822.13	433.8	NaN	1158.5	164.47	NaN
822.17	434.45	NaN	1158.5	164.47	NaN
821.15	434.2	NaN	1158.5	164.47	NaN
821.65	433.2	NaN	1158.5	164.47	NaN
820.64	433.24	NaN	1158.5	164.55	NaN
821.57	433.39	NaN	1158.5	164.55	NaN
821.54	431.88	NaN	1158.5	164.55	NaN
822.16	431.72	NaN	1158.5	164.55	NaN
823.38	430.52	NaN	1158.5	164.55	NaN
823.85	429.89	NaN	1158.5	164.55	NaN
822.66	428.66	NaN	1158.5	164.55	NaN
823.54	428.29	NaN	1158.5	164.55	NaN
823.88	427.67	NaN	1158.5	164.55	NaN
823.76	427.52	NaN	1158.5	164.55	NaN
824.24	426.96	NaN	1158.5	164.55	NaN
825.53	427.94	NaN	1158.5	164.55	NaN
826.64	427.68	NaN	1158.5	164.55	NaN
825.9	425.5	NaN	1158.5	164.55	NaN
824.65	425.65	NaN	1158.5	164.55	NaN
824.25	426.54	NaN	1158.5	164.55	NaN
823.89	425.53	NaN	1158.5	164.55	NaN
823.13	425.17	NaN	1158.5	164.55	NaN
821.45	424.7	NaN	1158.5	164.55	NaN
817.93	422.25	NaN	1158.5	164.55	NaN
815.85	422.05	NaN	1158.5	164.55	NaN
815.9	421.48	NaN	1158.5	164.55	NaN
818.3	421.15	NaN	1158.5	164.55	NaN
817.43	419.57	NaN	1158.5	164.55	NaN
818.86	417.55	NaN	1158.5	164.55	NaN
821.91	417.14	NaN	1158.5	164.83	NaN
822.2	416.12	NaN	1158.5	164.83	NaN
820.08	415.4	NaN	1158.5	164.83	NaN
819.65	415.78	NaN	1158.5	164.83	NaN
821.15	415.23	NaN	1158.5	164.83	NaN
822.75	414.45	NaN	1158.5	164.83	NaN
823.28	413.08	NaN	1158.5	164.83	NaN
824.39	410.68	NaN	1158.5	164.83	NaN
825.32	409.41	NaN	1158.5	164.83	NaN
822.52	406.67	NaN	1158.5	164.83	NaN
821.63	406.19	NaN	1158.5	164.83	NaN
822.33	403.48	NaN	1158.5	164.83	NaN
820.76	401.59	NaN	1158.5	164.83	NaN
819.89	399.78	NaN	1158.5	164.83	NaN
820.95	398.85	NaN	1158.5	164.83	NaN
821	398.22	NaN	1158.4	164.97	NaN
819.21	398.63	NaN	1158.4	164.86	NaN
820.05	397.89	NaN	1158.5	164.77	NaN
821.4	398.6	NaN	1158.4	164.8	NaN
821.68	396.36	NaN	1158.5	164.76	NaN
821.68	395.36	NaN	1158.5	164.77	NaN
822.86	394.32	NaN	1158.4	164.87	NaN
823.95	392	NaN	1158.5	164.88	NaN
823.94	388.94	NaN	1158.4	164.87	NaN
821.43	388.38	NaN	1158.5	164.78	NaN
820.9	387.19	NaN	1158.5	164.88	NaN
823.22	385.39	NaN	1158.5	164.71	NaN
823.82	383.05	NaN	1158.5	164.71	NaN
822.31	380.63	NaN	1158.5	164.71	NaN
822.76	380.72	NaN	1158.5	164.71	NaN
823.21	380.42	NaN	1158.5	164.71	NaN
822.52	379.48	NaN	1158.5	164.71	NaN
821.8	378.25	NaN	1158.5	164.75	NaN
820.55	375.9	NaN	1158.5	164.75	NaN
821.11	375.21	NaN	1158.5	164.71	NaN
821.75	374.15	NaN	1158.5	164.71	NaN
821.84	372	NaN	1158.5	164.71	NaN
821.73	370.27	NaN	1158.5	164.71	NaN
820.68	369.68	NaN	1158.5	164.71	NaN
821.71	368.67	NaN	1158.5	164.71	NaN
822.55	367.45	NaN	1158.5	164.71	NaN
821.95	366.45	NaN	1158.5	164.71	NaN
822.25	365.7	NaN	1158.5	164.71	NaN
822.57	365.33	NaN	1158.5	164.71	NaN
821.94	364.83	NaN	1158.5	164.71	NaN
821.71	365.38	NaN	1158.5	164.71	NaN
821.8	363.9	NaN	1158.5	164.88	NaN
820.88	363.65	NaN	1158.4	164.98	NaN
820.17	362.67	NaN	1158.5	164.59	NaN
820.65	361.94	NaN	1158.5	164.59	NaN
819.27	359.45	NaN	1158.5	164.59	NaN
818.68	358.59	NaN	1158.5	164.59	NaN
818.17	358.25	NaN	1158.5	164.59	NaN
818.13	358.26	NaN	1158.5	164.59	NaN
818.17	358.17	NaN	1158.5	164.42	NaN
817.13	357.87	NaN	1158.5	164.42	NaN
818.43	358.33	NaN	1158.5	164.42	NaN
818.29	358.62	NaN	1158.5	164.42	NaN
817.31	358.15	NaN	1158.5	164.59	NaN
816.64	357.64	NaN	1158.5	164.42	NaN
817.38	357.71	NaN	1158.5	164.42	NaN
817.91	358.14	NaN	1158.5	164.59	NaN
818.04	357.83	NaN	1158.5	164.59	NaN
816.43	356.67	NaN	1158.5	164.59	NaN
817.7	357.07	NaN	1158.5	164.59	NaN
817.91	356.91	NaN	1158.5	164.59	NaN
817.86	357	NaN	1158.5	164.59	NaN
818.1	357.15	NaN	1158.5	164.59	NaN
818.52	356.76	NaN	1158.5	164.59	NaN
818.6	356.4	NaN	1158.5	164.59	NaN
818.74	356.35	NaN	1158.5	164.59	NaN
818.43	356.86	NaN	1158.5	164.59	NaN
818.3	356.52	NaN	1158.5	164.39	NaN
818.44	356.85	NaN	1158.5	164.59	NaN
818.54	356.54	NaN	1158.5	164.59	NaN
818.77	356.86	NaN	1158.5	164.59	NaN
819.19	356.76	NaN	1158.5	164.59	NaN
819.68	356.73	NaN	1158.5	164.59	NaN
820.63	356.16	NaN	1158.3	164.73	NaN
822.91	353.96	NaN	1158.3	164.73	NaN
823.4	353	NaN	1158.3	164.73	NaN
824.44	352.31	NaN	1158.3	164.73	NaN
824.74	351.68	NaN	1158.3	164.73	NaN
824.67	351.33	NaN	1158.3	164.73	NaN
824.78	352.22	NaN	1158.3	164.73	NaN
825	351.59	NaN	1158.3	164.73	NaN
824.55	351.77	NaN	1158.3	164.73	NaN
825.07	351.26	NaN	1158.3	164.73	NaN
825.1	350.85	NaN	1158.3	164.73	NaN
825.39	350.35	NaN	1158.3	164.73	NaN
825.45	350.14	NaN	1158.3	164.73	NaN
825.43	349.86	NaN	1158.3	164.73	NaN
825.32	349.74	NaN	1158.3	164.73	NaN
825.36	349.27	NaN	1158.3	164.73	NaN
825.48	349.14	NaN	1158.3	164.73	NaN
825.36	349.27	NaN	1158.3	164.73	NaN
825.55	349.1	NaN	1158.4	164.66	NaN
826.57	349.87	NaN	1158.4	164.66	NaN
826.04	349.68	NaN	1158.4	164.66	NaN
826.04	349.68	NaN	1158.4	164.66	NaN
825.83	349.58	NaN	1158.4	164.66	NaN
825.83	349.58	NaN	1158.4	164.66	NaN
826.1	349.52	NaN	1158.4	164.66	NaN
826.15	349.6	NaN	1158.4	164.66	NaN
826.04	349.78	NaN	1158.4	164.66	NaN
826.04	349.78	NaN	1158.4	164.66	NaN
826.53	349.27	NaN	1158.4	164.66	NaN
826.5	349.29	NaN	1158.4	164.66	NaN
826.53	349.27	NaN	1158.4	164.66	NaN
827.44	349.56	NaN	1158.4	164.66	NaN
827.29	349.07	NaN	1158.4	164.66	NaN
827.71	348.93	NaN	1158.4	164.66	NaN
828.23	348.92	NaN	1158.4	164.66	NaN
828.29	349.07	NaN	1158.4	164.66	NaN
827.91	349.96	NaN	1158.4	164.66	NaN
828.15	350.04	NaN	1158.4	164.66	NaN
828.05	350.59	NaN	1158.4	164.66	NaN
827.92	350.04	NaN	1158.4	164.66	NaN
827.61	349.91	NaN	1158.4	164.66	NaN
828.29	349.83	NaN	1158.4	164.66	NaN
828.29	349.83	NaN	1158.4	164.66	NaN
829.13	348.5	NaN	1158.4	164.66	NaN
829.29	348.96	NaN	1158.4	164.66	NaN
829.26	348.57	NaN	1158.4	164.66	NaN
829.83	347.92	NaN	1158.4	164.66	NaN
830.2	347.6	NaN	1158.4	164.66	NaN
830.14	347.79	NaN	1158.4	164.66	NaN
829.56	347.94	NaN	1158.4	164.66	NaN
829.4	348	NaN	1158.4	164.66	NaN
829	347.89	NaN	1158.4	164.66	NaN
829.83	347.63	NaN	1158.5	164.71	NaN
829.48	347.87	NaN	1158.5	164.71	NaN
829.41	347.59	NaN	1158.5	164.71	NaN
830.76	347.86	NaN	1158.5	164.71	NaN
830.63	347.58	NaN	1158.5	164.71	NaN
830.67	348.28	NaN	1158.5	164.71	NaN
830.72	347.83	NaN	1158.5	164.71	NaN
830.17	347.75	NaN	1158.5	164.71	NaN
831.22	347.83	NaN	1158.5	164.71	NaN
831.25	347.33	NaN	1158.5	164.71	NaN
831.83	348.62	NaN	1158.5	164.71	NaN
831.72	349	NaN	1158.5	164.71	NaN
831.39	349.78	NaN	1158.5	164.71	NaN
831.72	350	NaN	1158.5	164.63	NaN
831.96	350.48	NaN	1158.3	163.9	NaN
833.26	348.87	NaN	1158.3	163.9	NaN
833.4	348.68	NaN	1158.3	163.9	NaN
835.13	350.54	NaN	1158.3	163.9	NaN
835.67	350.47	NaN	1158.3	163.9	NaN
837.69	351.56	NaN	1158.3	163.9	NaN
838.04	351.71	NaN	1158.3	163.9	NaN
839.63	352.15	NaN	1158.3	163.9	NaN
840.75	352	NaN	1158.3	163.9	NaN
841.1	352	NaN	1158.3	163.9	NaN
842.93	352.13	NaN	1158.3	163.9	NaN
843.38	353.46	NaN	1158.3	163.9	NaN
843.81	352.13	NaN	1158.3	163.9	NaN
843.19	351.76	NaN	1158.3	163.9	NaN
844	351.78	NaN	1158.3	163.9	NaN
844.6	351.96	NaN	1158.3	163.9	NaN
844.35	351.9	NaN	1158.3	163.9	NaN
845	352.2	NaN	1158.3	163.9	NaN
844.77	352.32	NaN	1158.3	163.9	NaN
845.88	351.54	NaN	1158.3	163.9	NaN
846.45	351.2	NaN	1158.3	163.9	NaN
846.53	351.26	NaN	1158.3	163.9	NaN
846.95	351.63	NaN	1158.3	163.9	NaN
847.9	351.67	NaN	1158.3	163.9	NaN
849	350.62	NaN	1158.3	163.9	NaN
850.52	350.48	NaN	1158.3	163.9	NaN
852.2	349.76	NaN	1158.3	163.9	NaN
851.91	349.96	NaN	1158.3	163.9	NaN
852.78	349.7	NaN	1158.3	163.9	NaN
853.46	349.04	NaN	1158.3	163.9	NaN
854.48	347.81	NaN	1158.3	163.9	NaN
855.67	347.29	NaN	1158.3	163.9	NaN
856.48	346.24	NaN	1158.3	163.9	NaN
856.79	345.71	NaN	1158.3	163.9	NaN
856.79	345.71	NaN	1158.3	163.9	NaN
857.81	344.85	NaN	1158.3	163.9	NaN
857.57	343.86	NaN	1158.3	163.9	NaN
858.48	344.08	NaN	1158.3	163.9	NaN
859.2	344.3	NaN	1158.3	163.9	NaN
859.13	344.87	NaN	1158.3	163.9	NaN
858.81	344.52	NaN	1158.3	163.9	NaN
859.71	344.25	NaN	1158.3	164.49	NaN
860.08	344.19	NaN	1158.3	164.49	NaN
860.43	344.38	NaN	1158.3	164.49	NaN
861.11	344.47	NaN	1158.3	164.49	NaN
861.65	344.65	NaN	1158.3	164.49	NaN
861.21	344.96	NaN	1158.3	164.49	NaN
861.48	344.9	NaN	1158.3	164.49	NaN
862.29	345.19	NaN	1158.2	163.88	NaN
862.25	345.54	NaN	1158.2	163.88	NaN
862.36	345.48	NaN	1158.2	163.88	NaN
862.57	344.71	NaN	1158.2	163.88	NaN
862.57	344.67	NaN	1158.2	163.88	NaN
862.48	344.57	NaN	1158.2	163.88	NaN
862.41	344.5	NaN	1158.2	163.88	NaN
862.61	344.17	NaN	1158.2	163.88	NaN
862.82	343.82	NaN	1158.2	163.88	NaN
862.13	343.6	NaN	1158.2	163.88	NaN
861.53	343.35	NaN	1158.2	163.88	NaN
861.32	343.2	NaN	1158.2	163.88	NaN
861	343.35	NaN	1158.2	163.88	NaN
860.81	343.56	NaN	1158.2	163.88	NaN
860.11	344.63	NaN	1158.2	163.88	NaN
860.11	344.63	NaN	1158.2	163.88	NaN
860.11	344.63	NaN	1158.2	163.88	NaN
860.11	344.63	NaN	1158.2	163.88	NaN
860.6	343.6	NaN	1158.2	163.88	NaN
861.12	344.24	NaN	1158.2	163.88	NaN
861.15	345.19	NaN	1158.2	163.88	NaN
861	345.44	NaN	1158.2	163.88	NaN
861.41	346.66	NaN	1158.2	163.88	NaN
861.73	351.94	NaN	1158.2	163.88	NaN
861.75	349.05	NaN	1158.2	163.88	NaN
862.47	348.58	NaN	1158.2	163.88	NaN
862.6	349.8	NaN	1158.2	163.88	NaN
862.23	351.27	NaN	1158.2	163.88	NaN
862.67	351.11	NaN	1158.2	163.88	NaN
863.11	352.58	NaN	1158.2	163.88	NaN
862.6	353.9	NaN	1158.2	163.88	NaN
864.72	354.78	NaN	1158.2	163.88	NaN
864.81	354.48	NaN	1158.2	163.88	NaN
863.4	355.12	NaN	1158.2	163.88	NaN
864.58	355.96	NaN	1158.2	163.88	NaN
866	358.56	NaN	1158.2	163.88	NaN
867.78	360.17	NaN	1158.2	163.88	NaN
868.8	360.76	NaN	1158.2	163.88	NaN
870.9	362.9	NaN	1158.2	163.88	NaN
871.19	363.19	NaN	1158.2	163.88	NaN
872.76	365.02	NaN	1158.2	163.88	NaN
871.45	364.59	NaN	1158.2	163.88	NaN
871.59	364.55	NaN	1158.2	163.88	NaN
872.31	364.69	NaN	1158.2	163.88	NaN
872.7	364.48	NaN	1158.2	163.76	NaN
873.12	364.85	NaN	1158.2	163.76	NaN
873.13	364.93	NaN	1158.2	163.76	NaN
873.07	364.47	NaN	1158.2	163.76	NaN
872.95	365.05	NaN	1158.1	163.79	NaN
873.5	365.95	NaN	1158.1	163.79	NaN
873.59	365.55	NaN	1158.1	163.79	NaN
874	364.95	NaN	1158.1	163.79	NaN
874.05	364.74	NaN	1158.1	163.79	NaN
874.46	365.42	NaN	1158.1	163.79	NaN
875	364.52	NaN	1158.1	163.79	NaN
875.2	363.64	NaN	1158.1	163.79	NaN
875.55	364.05	NaN	1158.1	163.79	NaN
875.61	364.22	NaN	1158.1	163.79	NaN
875.5	363.6	NaN	1158.1	163.79	NaN
875.5	363.6	NaN	1158.1	163.79	NaN
875.5	363.6	NaN	1158.1	163.79	NaN
875.78	364.5	NaN	1158.1	163.79	NaN
875.93	363.93	NaN	1158.1	163.79	NaN
875.93	363.93	NaN	1158.1	163.79	NaN
875.42	363.68	NaN	1158.1	163.79	NaN
875.93	363.93	NaN	1158.1	163.79	NaN
875.42	363.68	NaN	1158.1	163.79	NaN
875.42	363.68	NaN	1158.1	163.79	NaN
875.42	363.68	NaN	1158.1	163.79	NaN
875.42	363.68	NaN	1158.1	163.79	NaN
875.42	363.68	NaN	1158.1	163.79	NaN
875.55	363.8	NaN	1158.1	163.79	NaN
875.42	363.63	NaN	1158.1	163.79	NaN
875.42	363.63	NaN	1158.1	163.79	NaN
875.56	363.72	NaN	1158.1	163.79	NaN
875.95	363.79	NaN	1158.1	163.79	NaN
876.86	364.48	NaN	1158.1	163.79	NaN
878.96	366.26	NaN	1158.1	163.79	NaN
880.78	366.83	NaN	1158.1	163.79	NaN
884.14	366.43	NaN	1158.1	163.79	NaN
884.63	365.53	NaN	1158.1	163.79	NaN
884.73	366.41	NaN	1158.1	163.79	NaN
886.5	366.28	NaN	1158.1	163.79	NaN
886.77	367.27	NaN	1158.1	163.79	NaN
888.95	366.05	NaN	1158.1	163.79	NaN
889.67	366.19	NaN	1158.1	163.79	NaN
890.71	366.29	NaN	1158.1	163.79	NaN
891.23	366.23	NaN	1158.1	163.79	NaN
891.48	366	NaN	1158.1	163.79	NaN
891.57	365.93	NaN	1158.1	163.79	NaN
892.4	365.72	NaN	1158.1	163.79	NaN
892.71	366.14	NaN	1158.1	163.79	NaN
892.73	366.09	NaN	1158.1	163.79	NaN
893.43	366.1	NaN	1158.1	163.79	NaN
894.14	366.77	NaN	1158.1	163.79	NaN
895	366.72	NaN	1158.1	163.79	NaN
895.47	366.95	NaN	1158.1	163.98	NaN
896.41	367	NaN	1158.1	163.98	NaN
897.15	367.46	NaN	1158.1	163.98	NaN
896.33	367.33	NaN	1158.1	163.98	NaN
897.67	367.94	NaN	1158.1	163.98	NaN
898.22	368.39	NaN	1158.1	163.98	NaN
899.53	368.74	NaN	1158.1	163.98	NaN
900.5	369.32	NaN	1158.1	163.98	NaN
900.5	369.78	NaN	1158.1	163.98	NaN
900.68	369.84	NaN	1158.1	163.98	NaN
900.68	369.84	NaN	1158.1	163.98	NaN
901.05	370.11	NaN	1158.1	163.98	NaN
901.2	370.25	NaN	1158.1	163.98	NaN
901.86	371	NaN	1158.1	163.98	NaN
901.29	370.53	NaN	1158.1	163.98	NaN
901.68	371.05	NaN	1158.1	163.98	NaN
901.47	371.79	NaN	1158.1	163.98	NaN
901.67	373.06	NaN	1158.1	163.98	NaN
905.25	373.3	NaN	1158.1	163.98	NaN
907.04	375.52	NaN	1158.1	163.98	NaN
907.29	376.07	NaN	1158.1	163.98	NaN
907.7	375.05	NaN	1158.1	163.98	NaN
907.35	375.35	NaN	1158.1	163.98	NaN
907.47	374.84	NaN	1158.1	163.98	NaN
907.47	374.84	NaN	1158.1	163.98	NaN
907.63	375.37	NaN	1158.1	163.86	NaN
908.05	375.14	NaN	1158.1	163.86	NaN
908.21	374.92	NaN	1158.1	163.86	NaN
908.6	375	NaN	1158.1	163.86	NaN
909.52	375.62	NaN	1158.1	163.86	NaN
909.36	375.27	NaN	1158.1	163.86	NaN
910.5	375.42	NaN	1158.1	163.86	NaN
911.21	375.53	NaN	1158.1	163.86	NaN
911.95	375.9	NaN	1158.1	163.86	NaN
912.21	376.21	NaN	1158.1	163.86	NaN
912.81	376.76	NaN	1158.1	163.86	NaN
912.75	376.56	NaN	1158.1	163.86	NaN
912.14	376.38	NaN	1158.1	163.86	NaN
912.68	376.68	NaN	1158.1	163.86	NaN
911.92	376.44	NaN	1158.1	163.86	NaN
912.68	376.68	NaN	1158.1	163.86	NaN
913.68	376.23	NaN	1158.1	163.86	NaN
913.42	375.74	NaN	1158.1	163.86	NaN
913.22	375.61	NaN	1158.1	163.86	NaN
913.22	375.61	NaN	1158.1	163.86	NaN
913.32	375.79	NaN	1158.1	163.86	NaN
913.5	375.94	NaN	1158.1	163.86	NaN
913.59	375.88	NaN	1158.1	163.86	NaN
914.06	375.83	NaN	1158.1	163.82	NaN
914.11	375.79	NaN	1158.1	163.82	NaN
914.21	375.53	NaN	1158.1	163.82	NaN
914.39	375.67	NaN	1158.1	163.82	NaN
914.52	375.38	NaN	1158.1	163.82	NaN
914.52	375.38	NaN	1158.1	163.82	NaN
914.36	375.32	NaN	1158.1	163.82	NaN
914.88	375.53	NaN	1158.1	163.82	NaN
914.88	375.53	NaN	1158.1	163.82	NaN
914.88	375.53	NaN	1158.1	163.82	NaN
916.65	378.14	NaN	1158.1	163.82	NaN
915.29	375.71	NaN	1158.1	163.82	NaN
917.24	375.53	NaN	1158.1	163.82	NaN
918.3	375.45	NaN	1158.1	163.82	NaN
917.52	376.38	NaN	1158.1	163.82	NaN
917.42	376.05	NaN	1158.1	163.82	NaN
918.82	377	NaN	1158.1	163.82	NaN
917.78	377.78	NaN	1158.1	163.82	NaN
916.95	375.95	NaN	1158.1	163.82	NaN
918.55	375.7	NaN	1158.1	163.82	NaN
917.42	376.63	NaN	1158.1	163.82	NaN
917.47	376.32	NaN	1158.1	163.82	NaN
917.58	376.63	NaN	1158.1	163.82	NaN
917.29	376.41	NaN	1158.1	163.82	NaN
917.29	376.41	NaN	1158.1	163.82	NaN
917.52	376.76	NaN	1158.1	163.82	NaN
917.47	376.74	NaN	1158.1	163.82	NaN
917.47	376.74	NaN	1158.1	163.82	NaN
917.7	376.95	NaN	1158.1	163.82	NaN
917.7	376.95	NaN	1158.1	163.82	NaN
917.7	376.95	NaN	1158.1	163.82	NaN
918	376.95	NaN	1158.1	163.82	NaN
918.43	376.14	NaN	1158.1	163.82	NaN
918.58	376.63	NaN	1158.1	163.82	NaN
918.55	376.55	NaN	1158.1	163.82	NaN
918.55	376.55	NaN	1158.1	163.82	NaN
918.55	376.55	NaN	1158.1	163.82	NaN
918.55	376.55	NaN	1158.1	163.82	NaN
918.71	376.29	NaN	1158.1	163.82	NaN
919.25	376.42	NaN	1158.1	163.82	NaN
919.25	376.42	NaN	1158.1	163.82	NaN
919.46	376.46	NaN	1158.1	163.82	NaN
919.43	376.3	NaN	1158.1	163.82	NaN
920.05	375.68	NaN	1158.1	163.82	NaN
920.05	375.68	NaN	1158.1	163.82	NaN
920.05	375.68	NaN	1158.1	163.82	NaN
920.56	375.72	NaN	1158.1	163.82	NaN
920.48	375.48	NaN	1158.1	163.82	NaN
920.48	375.8	NaN	1158	163.99	NaN
920.41	375.55	NaN	1158	163.99	NaN
920.34	375.52	NaN	1158	163.99	NaN
920.52	375.4	NaN	1158	163.99	NaN
920.52	375.37	NaN	1158	163.99	NaN
921.42	375.25	NaN	1158	163.99	NaN
922.52	374.84	NaN	1158	163.99	NaN
923.33	375.17	NaN	1158	163.99	NaN
924.87	375.27	NaN	1158	163.99	NaN
925	374.27	NaN	1158	163.99	NaN
924.7	375.25	NaN	1158	163.99	NaN
925	374.82	NaN	1158	163.99	NaN
925.84	374.26	NaN	1158	163.99	NaN
925.75	374.79	NaN	1158	163.99	NaN
926.85	374.55	NaN	1158	163.99	NaN
927.05	374.57	NaN	1158	163.99	NaN
926.95	374.11	NaN	1158	163.99	NaN
926.91	373.68	NaN	1158	163.99	NaN
927.14	374.41	NaN	1158	163.99	NaN
927.75	373.79	NaN	1158	163.99	NaN
927.72	373.83	NaN	1158	163.99	NaN
927.9	373.3	NaN	1158	163.99	NaN
927.71	373.24	NaN	1158	163.99	NaN
928.21	373.33	NaN	1158	163.99	NaN
928.84	373.72	NaN	1158	163.99	NaN
928.45	372.73	NaN	1158	163.99	NaN
929	372.85	NaN	1158	163.99	NaN
929.45	372.55	NaN	1158	163.99	NaN
929.64	372.73	NaN	1158	163.99	NaN
929.7	372.35	NaN	1158	163.99	NaN
931	372	NaN	1158	163.99	NaN
930.64	371.86	NaN	1158	163.99	NaN
930.64	371.86	NaN	1158	163.99	NaN
930.65	371.78	NaN	1158	163.99	NaN
930.75	371.71	NaN	1158	163.99	NaN
930.83	371.7	NaN	1158	163.99	NaN
930.95	371.5	NaN	1158	163.99	NaN
929.12	374.71	NaN	1158	163.99	NaN
928.33	374.57	NaN	1158	163.99	NaN
930.55	371.9	NaN	1158	163.99	NaN
929.38	372.88	NaN	1158	163.99	NaN
930	373.48	NaN	1158	163.99	NaN
930	371.78	NaN	1158	163.99	NaN
930.9	371.43	NaN	1158	163.99	NaN
930.43	371.43	NaN	1158	163.99	NaN
930.75	371.6	NaN	1158	163.99	NaN
930.75	371.6	NaN	1158	163.99	NaN
930.75	371.6	NaN	1158	163.99	NaN
930.33	371.43	NaN	1157.8	160.99	NaN
930.52	371.76	NaN	1157.8	160.99	NaN
930.68	371.32	NaN	1157.8	160.99	NaN
930.68	371.32	NaN	1157.8	160.99	NaN
930.68	371.32	NaN	1157.8	160.99	NaN
930.68	371.32	NaN	1157.8	160.99	NaN
930.95	371.33	NaN	1157.8	160.99	NaN
930.95	371.33	NaN	1157.8	160.99	NaN
931.05	371.55	NaN	1157.8	160.99	NaN
931.19	371.24	NaN	1158.1	164.49	NaN
931.36	370.71	NaN	1158.1	164.49	NaN
931.27	371.54	NaN	1158.1	164.49	NaN
928.95	374.11	NaN	1158.1	164.49	NaN
929.8	372.15	NaN	1158.1	164.49	NaN
929.63	374.07	NaN	1158.1	164.62	NaN
929.92	373.79	NaN	1158.1	164.62	NaN
929.53	372.53	NaN	1158.1	165.19	NaN
929.95	372.38	NaN	1158.1	164.62	NaN
930.04	371.96	NaN	1158.1	164.62	NaN
930	372.18	NaN	1158.1	164.62	NaN
930.08	372.29	NaN	1158.1	164.62	NaN
930.04	372.52	NaN	1158.1	164.62	NaN
930	372.68	NaN	1158.1	164.62	NaN
930.15	372.81	NaN	1158.1	164.62	NaN
930.15	372.81	NaN	1158.1	164.49	NaN
930.52	372.87	NaN	1158.1	164.49	NaN
930.5	372.75	NaN	1158.1	164.49	NaN
930.3	372.52	NaN	1158.1	164.49	NaN
931.11	372.47	NaN	1158.1	164.49	NaN
930.94	372.29	NaN	1158.1	164.49	NaN
930.94	372.29	NaN	1158.1	164.49	NaN
930.94	372.29	NaN	1158.1	164.49	NaN
930.94	372.29	NaN	1158.1	164.49	NaN
931.68	372.84	NaN	1158.1	164.49	NaN
932	373.21	NaN	1158.1	164.49	NaN
932	373.11	NaN	1158.1	164.49	NaN
933.48	372.76	NaN	1158.1	164.49	NaN
934.68	373.77	NaN	1158.1	164.49	NaN
935.11	373.39	NaN	1158.1	164.49	NaN
935.05	373.68	NaN	1158.1	164.49	NaN
935.05	372.68	NaN	1158.1	164.49	NaN
934.85	373	NaN	1158.1	164.49	NaN
934.85	373	NaN	1158.1	164.49	NaN
935.26	373.37	NaN	1158.1	164.49	NaN
935.57	373.9	NaN	1158.1	164.49	NaN
935.11	373.53	NaN	1158.1	164.49	NaN
935.11	373.53	NaN	1158.1	164.49	NaN
935.11	373.53	NaN	1158.1	164.49	NaN
935.59	373.71	NaN	1158.2	164.57	NaN
935.59	373.71	NaN	1158.2	164.57	NaN
935.59	373.71	NaN	1158.2	164.57	NaN
935.38	373.86	NaN	1158.2	164.57	NaN
934.9	374.1	NaN	1158.2	164.57	NaN
935.63	373.95	NaN	1158.2	164.57	NaN
936.09	373.95	NaN	1158.2	164.57	NaN
936.2	373.7	NaN	1158.2	164.57	NaN
936.63	374	NaN	1158.2	164.57	NaN
937.42	374.42	NaN	1158.2	164.57	NaN
937.44	374.13	NaN	1158.2	164.57	NaN
938	374.31	NaN	1158.2	164.57	NaN
938.5	374.28	NaN	1158.2	164.57	NaN
938.53	374.37	NaN	1158.2	164.57	NaN
938.53	374.37	NaN	1158.2	164.57	NaN
938.44	374.28	NaN	1158.2	164.57	NaN
938.37	374.21	NaN	1158.2	164.57	NaN
938.37	374.21	NaN	1158.2	164.57	NaN
938.76	373.67	NaN	1158.2	164.47	NaN
938.84	373.74	NaN	1158.2	164.47	NaN
938.84	373.74	NaN	1158.2	164.47	NaN
938.7	373.65	NaN	1158.2	164.47	NaN
938.62	373.57	NaN	1158.2	164.47	NaN
938.62	373.57	NaN	1158.2	164.47	NaN
938.62	373.57	NaN	1158.2	164.47	NaN
938.62	373.57	NaN	1158.2	164.47	NaN
938.62	373.57	NaN	1158.2	164.47	NaN
938.62	373.57	NaN	1158.2	164.47	NaN
938.52	373.39	NaN	1158.2	164.47	NaN
938.62	373.57	NaN	1158.2	164.47	NaN
938.62	373.57	NaN	1158.2	164.47	NaN
938.62	373.57	NaN	1158.2	164.47	NaN
938.62	373.57	NaN	1158.2	164.47	NaN
938.62	373.57	NaN	1158.2	164.47	NaN
938.62	373.57	NaN	1158.2	164.47	NaN
938.62	373.57	NaN	1158.2	164.47	NaN
938.62	373.57	NaN	1158.2	164.47	NaN
938.62	373.57	NaN	1158.2	164.47	NaN
938.52	373.67	NaN	1158.2	164.47	NaN
938.52	373.67	NaN	1158.2	164.47	NaN
938.52	373.67	NaN	1158.2	164.47	NaN
938.6	373.75	NaN	1158.2	164.47	NaN
938.6	373.75	NaN	1158.2	164.47	NaN
938.6	373.75	NaN	1158.2	164.47	NaN
938.6	373.75	NaN	1158.2	164.47	NaN
938.53	373.79	NaN	1158.2	164.47	NaN
938.53	373.79	NaN	1158.2	164.47	NaN
938.67	373.89	NaN	1158.2	164.47	NaN
938.89	373.94	NaN	1158.3	164.78	NaN
939.06	374.13	NaN	1158.3	164.78	NaN
939.06	374.31	NaN	1158.3	164.78	NaN
939.6	374.3	NaN	1158.3	164.78	NaN
939.47	374.21	NaN	1158.3	164.78	NaN
939.83	374.09	NaN	1158.3	164.78	NaN
940.55	374.05	NaN	1158.3	164.78	NaN
940.71	374	NaN	1158.3	164.78	NaN
941.29	374.05	NaN	1158.3	164.78	NaN
941.45	374	NaN	1158.3	164.78	NaN
941.91	374.26	NaN	1158.3	164.78	NaN
942.12	374.2	NaN	1158.3	164.78	NaN
941.96	374.2	NaN	1158.3	164.78	NaN
942.55	374.1	NaN	1158.3	164.78	NaN
942.86	373.67	NaN	1158.3	164.78	NaN
943.38	373.71	NaN	1158.3	164.78	NaN
944.39	374.5	NaN	1158.3	164.78	NaN
944.78	374.91	NaN	1158.3	164.78	NaN
944.94	374.19	NaN	1158.3	164.78	NaN
945.56	374.22	NaN	1158.3	164.78	NaN
945.65	374.29	NaN	1158.3	164.78	NaN
945.94	374.65	NaN	1158.3	164.78	NaN
946.15	374.55	NaN	1158.3	164.78	NaN
946.79	374.58	NaN	1158.3	164.78	NaN
947.8	374.3	NaN	1158.3	164.78	NaN
948.35	374.35	NaN	1158.3	164.78	NaN
947.89	373.5	NaN	1158.3	164.78	NaN
948.53	373.42	NaN	1158.3	164.78	NaN
948.6	373.35	NaN	1158.3	164.78	NaN
948.4	373.45	NaN	1158.3	164.78	NaN
948.4	373.45	NaN	1158.3	164.78	NaN
948.4	373.45	NaN	1158.3	164.78	NaN
948.4	373.45	NaN	1158.3	164.78	NaN
948.96	373.7	NaN	1158.3	164.78	NaN
949.24	374	NaN	1158.3	164.77	NaN
949.45	373.75	NaN	1158.3	164.78	NaN
949.56	373.89	NaN	1158.3	164.78	NaN
949.67	374.14	NaN	1158.3	164.78	NaN
949.89	374.37	NaN	1158.3	164.78	NaN
950	374.82	NaN	1158.3	164.78	NaN
950	374.82	NaN	1158.3	164.78	NaN
950.42	375	NaN	1158.3	164.78	NaN
951.16	375.16	NaN	1158.3	164.78	NaN
951.16	375.16	NaN	1158.3	164.78	NaN
951.16	375.16	NaN	1158.3	164.78	NaN
951.16	375.16	NaN	1158.3	164.78	NaN
951.24	375	NaN	1158.3	164.78	NaN
951.24	375	NaN	1158.3	164.78	NaN
950.32	374.53	NaN	1158.1	164.68	NaN
950.32	374.53	NaN	1158.1	164.68	NaN
950.32	374.53	NaN	1158.1	164.68	NaN
950.62	374.71	NaN	1158.1	164.68	NaN
950.62	374.71	NaN	1158.1	164.68	NaN
950.62	374.71	NaN	1158.1	164.68	NaN
950.62	374.71	NaN	1158.1	164.68	NaN
950.62	374.71	NaN	1158.1	164.68	NaN
950.62	374.71	NaN	1158.1	164.68	NaN
950.62	374.71	NaN	1158.1	164.68	NaN
950.39	374.78	NaN	1158.1	164.68	NaN
950.39	374.78	NaN	1158.1	164.68	NaN
950.19	374.63	NaN	1158.1	164.68	NaN
951.26	374.79	NaN	1158.1	164.68	NaN
951.26	374.79	NaN	1158.1	164.68	NaN
951.36	374.95	NaN	1158.1	164.68	NaN
951.36	374.95	NaN	1158.1	164.68	NaN
951.52	375	NaN	1158.1	164.68	NaN
951.72	374.88	NaN	1158.1	164.68	NaN
951.61	375	NaN	1158.1	164.68	NaN
951.59	374.41	NaN	1158.1	164.68	NaN
950.82	374.24	NaN	1158.1	164.68	NaN
952.95	374.95	NaN	1158.1	164.68	NaN
954.14	375.1	NaN	1158.1	164.68	NaN
954.95	375.4	NaN	1158.1	164.68	NaN
955.95	375.4	NaN	1158.1	164.68	NaN
957.95	376.14	NaN	1158.1	164.68	NaN
958.28	376.44	NaN	1158.1	164.68	NaN
958.37	374.95	NaN	1158.1	164.68	NaN
957.68	374.63	NaN	1158.1	164.68	NaN
957.89	374.5	NaN	1158.1	164.68	NaN
957.91	376.91	NaN	1158.1	164.68	NaN
957.68	376.47	NaN	1158.1	164.68	NaN
958.22	375.78	NaN	1158.1	164.68	NaN
957.57	376.43	NaN	1158.1	164.68	NaN
958.47	375.89	NaN	1158.1	164.68	NaN
958.47	375.89	NaN	1158.1	164.68	NaN
958.18	376.12	NaN	1158.1	164.68	NaN
958.18	376.12	NaN	1158.1	164.68	NaN
958.39	376.11	NaN	1158.1	164.68	NaN
958.89	376.05	NaN	1158.1	164.68	NaN
959.12	376.24	NaN	1158.1	164.68	NaN
960.06	376.24	NaN	1158.1	164.68	NaN
960.13	376	NaN	1158.1	164.68	NaN
960.07	376.07	NaN	1158.1	164.68	NaN
960.82	376.41	NaN	1158.1	164.68	NaN
960.74	376.16	NaN	1158.1	164.68	NaN
961.11	376.17	NaN	1158.1	164.68	NaN
961.13	376.13	NaN	1158.1	164.04	NaN
961.12	376.06	NaN	1158.1	164.04	NaN
961.35	376.18	NaN	1158.1	164.04	NaN
961	376.06	NaN	1158.1	164.04	NaN
961.12	376.06	NaN	1158.1	164.04	NaN
961	375.81	NaN	1158.1	164.04	NaN
961	375.81	NaN	1158.1	164.04	NaN
960.76	375.71	NaN	1158.1	164.04	NaN
961	375.81	NaN	1158.1	164.04	NaN
961.24	375.76	NaN	1158.1	164.04	NaN
961.78	376.65	NaN	1158.1	164.04	NaN
961.91	376.73	NaN	1158.1	164.04	NaN
962.65	376.55	NaN	1158.1	164.04	NaN
963.76	376.86	NaN	1158.1	164.04	NaN
964.39	376.26	NaN	1158.1	164.04	NaN
963.45	377	NaN	1158.1	164.04	NaN
963.89	377.79	NaN	1158.1	164.04	NaN
964.06	378	NaN	1158.1	164.04	NaN
964.16	378.05	NaN	1158.1	164.04	NaN
964.77	378.45	NaN	1158.1	164.04	NaN
964.77	378.45	NaN	1158.1	164.04	NaN
964.64	378.96	NaN	1158.1	164.04	NaN
964.67	379.04	NaN	1158.1	164.04	NaN
964.57	378.95	NaN	1158.1	164.04	NaN
964.32	378.95	NaN	1158.1	164	NaN
964.41	379.32	NaN	1158.1	164	NaN
964.29	379.48	NaN	1158.1	164	NaN
964.6	379.1	NaN	1158.1	164	NaN
965.05	379.86	NaN	1158.1	164	NaN
965	379.6	NaN	1158.1	164	NaN
967.75	380.96	NaN	1158.1	164	NaN
967.1	380.43	NaN	1158.1	164	NaN
967.12	380.26	NaN	1158.1	164	NaN
965.45	380.2	NaN	1158.1	164	NaN
965.8	379.4	NaN	1158.1	164	NaN
966.41	380.12	NaN	1158.1	164	NaN
966.41	380.12	NaN	1158.1	164	NaN
966.41	380.12	NaN	1158.1	164	NaN
966.56	380.25	NaN	1158.1	164	NaN
966.56	380.25	NaN	1158.1	164	NaN
966.56	380.25	NaN	1158.1	164	NaN
966.56	380.25	NaN	1158.1	164	NaN
966.43	380.24	NaN	1158.1	164	NaN
966.43	380.24	NaN	1158.1	164	NaN
966.43	380.24	NaN	1158.1	164	NaN
966.5	380.22	NaN	1158.1	164	NaN
966.56	380.22	NaN	1158.1	164	NaN
966.82	380.35	NaN	1158.1	164	NaN
966.94	380.33	NaN	1157.9	160.47	NaN
966.82	380.35	NaN	1157.9	160.47	NaN
966.88	380.29	NaN	1157.9	160.47	NaN
966.88	380.29	NaN	1157.9	160.47	NaN
967.06	380.33	NaN	1157.9	160.47	NaN
967.06	380.33	NaN	1157.9	160.47	NaN
967.06	380.33	NaN	1157.9	160.47	NaN
967.26	380.32	NaN	1157.9	160.47	NaN
967.26	380.32	NaN	1157.9	160.47	NaN
967.26	380.32	NaN	1157.9	160.47	NaN
967.26	380.32	NaN	1157.9	160.47	NaN
967.06	380.33	NaN	1157.9	160.47	NaN
967.06	380.33	NaN	1157.9	160.47	NaN
966.88	380.29	NaN	1157.9	160.47	NaN
966.88	380.29	NaN	1157.9	160.47	NaN
966.88	380.29	NaN	1157.9	160.47	NaN
966.88	380.29	NaN	1157.9	160.47	NaN
966.88	380.29	NaN	1157.9	160.47	NaN
966.88	380.29	NaN	1157.9	160.47	NaN
966.88	380.29	NaN	1157.9	160.47	NaN
966.88	380.29	NaN	1157.9	160.47	NaN
966.88	380.29	NaN	1157.9	160.47	NaN
966.88	380.29	NaN	1157.9	160.47	NaN
966.88	380.29	NaN	1157.9	160.47	NaN
966.88	380.29	NaN	1157.9	160.47	NaN
966.88	380.29	NaN	1157.9	160.47	NaN
966.88	380.29	NaN	1157.9	160.47	NaN
966.88	380.29	NaN	1157.9	160.47	NaN
966.88	380.29	NaN	1157.9	160.47	NaN
966.88	380.29	NaN	1157.9	160.47	NaN
966.88	380.29	NaN	1157.9	160.47	NaN
966.88	380.29	NaN	1157.9	160.47	NaN
966.88	380.29	NaN	1157.9	160.47	NaN
967	380.31	NaN	1157.9	160.47	NaN
967	380.31	NaN	1157.9	160.47	NaN
967	380.31	NaN	1157.9	160.47	NaN
967	380.31	NaN	1157.9	160.47	NaN
967	380.31	NaN	1157.9	160.47	NaN
967	380.31	NaN	1157.9	160.47	NaN
967	380.31	NaN	1157.9	160.47	NaN
967	380.31	NaN	1157.9	160.47	NaN
967	380.31	NaN	1157.9	160.47	NaN
967	380.31	NaN	1157.9	160.47	NaN
967	380.31	NaN	1157.9	160.47	NaN
967	380.31	NaN	1157.9	160.47	NaN
967	380.31	NaN	1157.9	160.47	NaN
967	380.31	NaN	1157.9	160.47	NaN
967	380.31	NaN	1157.9	160.47	NaN
967.11	380.22	NaN	1158	160.69	NaN
967.11	380.22	NaN	1158	160.69	NaN
967.11	380.22	NaN	1158	160.69	NaN
967.11	380.22	NaN	1158	160.69	NaN
967.11	380.22	NaN	1158	160.69	NaN
967.11	380.22	NaN	1158	160.69	NaN
967.11	380.22	NaN	1158	160.69	NaN
967.11	380.22	NaN	1158	160.69	NaN
967.11	380.22	NaN	1158	160.69	NaN
967.11	380.22	NaN	1158	160.69	NaN
967.11	380.22	NaN	1158	160.69	NaN
967.11	380.22	NaN	1158	160.69	NaN
967.11	380.22	NaN	1158	160.69	NaN
967.11	380.22	NaN	1158	160.69	NaN
967.11	380.22	NaN	1158	160.69	NaN
967.11	380.22	NaN	1158	160.69	NaN
967.11	380.22	NaN	1158	160.69	NaN
967.11	380.22	NaN	1158	160.69	NaN
967.11	380.22	NaN	1158	160.69	NaN
967.11	380.22	NaN	1158	160.69	NaN
967.11	380.22	NaN	1158	160.69	NaN
967.11	380.22	NaN	1158	160.69	NaN
967	380.24	NaN	1158	160.69	NaN
967	380.24	NaN	1158	160.69	NaN
967	380.24	NaN	1158	160.69	NaN
967	380.24	NaN	1158	160.69	NaN
967	380.24	NaN	1158	160.69	NaN
967	380.24	NaN	1158	160.69	NaN
967	380.24	NaN	1158	160.69	NaN
967	380.24	NaN	1158	160.69	NaN
967	380.24	NaN	1158	160.69	NaN
967	380.24	NaN	1158	160.69	NaN
967	380.24	NaN	1158	160.69	NaN
967	380.24	NaN	1158	160.69	NaN
967	380.24	NaN	1158	160.69	NaN
967	380.24	NaN	1158	160.69	NaN
967	380.24	NaN	1158	160.69	NaN
967	380.24	NaN	1158	160.69	NaN
967	380.24	NaN	1158	160.69	NaN
967	380.24	NaN	1158	160.69	NaN
967	380.24	NaN	1158	160.69	NaN
967	380.24	NaN	1158	160.69	NaN
967	380.24	NaN	1158	160.69	NaN
967	380.24	NaN	1158	160.69	NaN
967	380.24	NaN	1158	160.69	NaN
967	380.24	NaN	1158	160.69	NaN
967	380.24	NaN	1158	161.04	NaN
967	380.24	NaN	1158	160.69	NaN
967.05	380.11	NaN	1158	161.23	NaN
967.05	380.11	NaN	1158	161.23	NaN
967.05	380.11	NaN	1158	161.23	NaN
967.05	380.11	NaN	1158	161.23	NaN
967.05	380.11	NaN	1158	161.23	NaN
967.05	380.11	NaN	1158	161.23	NaN
967.05	380.11	NaN	1158	161.23	NaN
967.05	380.11	NaN	1158	161.23	NaN
967.05	380.11	NaN	1158	161.23	NaN
967.05	380.11	NaN	1158	161.23	NaN
967.05	380.11	NaN	1158	161.23	NaN
967.05	380.11	NaN	1158	161.23	NaN
967.05	380.11	NaN	1158	161.23	NaN
967.05	380.11	NaN	1158	161.23	NaN
967.05	380.11	NaN	1158	161.23	NaN
967.05	380.11	NaN	1158	161.23	NaN
967.05	380.11	NaN	1158	161.23	NaN
967.05	380.11	NaN	1158	161.23	NaN
967.05	380.11	NaN	1158	161.23	NaN
967.05	380.11	NaN	1158	161.23	NaN
967.05	380.11	NaN	1158	161.23	NaN
967.11	380.22	NaN	1158	161.23	NaN
967.11	380.22	NaN	1158	161.23	NaN
967.11	380.22	NaN	1158	161.23	NaN
967.11	380.22	NaN	1158	161.23	NaN
967	380.24	NaN	1158	161.23	NaN
967	380.24	NaN	1158	161.23	NaN
967	380.24	NaN	1158	161.23	NaN
967	380.24	NaN	1158	161.23	NaN
967	380.24	NaN	1158	161.23	NaN
967	380.24	NaN	1158	161.23	NaN
967	380.24	NaN	1158	161.23	NaN
967	380.24	NaN	1158	161.23	NaN
967	380.24	NaN	1158	161.23	NaN
967	380.24	NaN	1158	161.23	NaN
967	380.24	NaN	1158	161.23	NaN
967	380.24	NaN	1158	161.23	NaN
967	380.24	NaN	1158	161.23	NaN
967	380.24	NaN	1158	161.23	NaN
967	380.24	NaN	1158	161.23	NaN
967	380.24	NaN	1158	161.23	NaN
967	380.24	NaN	1158	161.23	NaN
967	380.24	NaN	1158	161.23	NaN
967	380.24	NaN	1158	161.23	NaN
967	380.24	NaN	1158	161.23	NaN
967	380.24	NaN	1158	161.23	NaN
967	380.24	NaN	1158	161.23	NaN
967	380.24	NaN	1158	161.23	NaN
967	380.24	NaN	1158.1	163.97	NaN
967	380.31	NaN	1158	163.88	NaN
967	380.31	NaN	1158	163.88	NaN
967	380.31	NaN	1158	163.88	NaN
967.1	380.8	NaN	1158	163.88	NaN
967.1	381.05	NaN	1158	163.88	NaN
967.1	381.05	NaN	1158	163.88	NaN
966.84	380.32	NaN	1158	163.88	NaN
966.84	380.32	NaN	1158	163.88	NaN
966.28	380.06	NaN	1158	163.88	NaN
966.65	380.1	NaN	1158	163.88	NaN
966.64	380.14	NaN	1158	163.88	NaN
966.7	380.3	NaN	1158	163.88	NaN
966.5	380.28	NaN	1158	163.88	NaN
966.41	380	NaN	1158	163.88	NaN
966.41	380	NaN	1157.9	160.93	NaN
966.25	379.75	NaN	1157.9	160.93	NaN
966.25	379.75	NaN	1157.9	160.93	NaN
966.42	380.37	NaN	1157.9	161	NaN
966.42	380.37	NaN	1157.9	161	NaN
966.42	380.37	NaN	1157.9	161.06	NaN
966.82	380.64	NaN	1158	161.04	NaN
966.82	380.64	NaN	1158	161.04	NaN
966.82	380.64	NaN	1158	161.04	NaN
966.55	380.55	NaN	1158	161.04	NaN
966.55	380.55	NaN	1158	161.04	NaN
969.5	380.3	NaN	1158	161.04	NaN
969.5	380.36	NaN	1158	161.04	NaN
969.5	380.36	NaN	1158	161.04	NaN
968.68	380.26	NaN	1158	161.04	NaN
968.69	380.45	NaN	1158	161.04	NaN
968.68	380.39	NaN	1158	160.69	NaN
968.56	380.43	NaN	1158	160.69	NaN
968.58	380.43	NaN	1158	160.69	NaN
966.7	380.25	NaN	1158	160.69	NaN
966.53	380.16	NaN	1158	160.69	NaN
966.39	380	NaN	1158	160.69	NaN
966.39	380	NaN	1158	160.69	NaN
966.39	380	NaN	1158	160.69	NaN
966.39	380	NaN	1158	160.69	NaN
966.39	380	NaN	1158	160.69	NaN
966.39	380	NaN	1158	160.69	NaN
966.39	380	NaN	1157.9	160.91	NaN
966.39	380	NaN	1157.9	160.91	NaN
966.39	380	NaN	1157.9	160.91	NaN
966.15	380.05	NaN	1157.9	160.91	NaN
966.11	379.67	NaN	1157.9	160.91	NaN
966.11	379.67	NaN	1157.9	160.91	NaN
966.11	379.67	NaN	1157.7	163.97	NaN
966.11	379.67	NaN	1157.7	163.97	NaN
966.11	379.67	NaN	1157.7	163.97	NaN
966.11	379.95	NaN	1157.7	163.97	NaN
966.11	379.95	NaN	1157.7	163.97	NaN
966.11	379.95	NaN	1157.7	163.97	NaN
966.11	379.95	NaN	1157.7	163.97	NaN
966.11	379.95	NaN	1157.7	163.97	NaN
966.11	379.95	NaN	1157.7	163.97	NaN
966.11	379.95	NaN	1157.7	163.97	NaN
966.11	379.95	NaN	1157.7	163.97	NaN
966.11	379.95	NaN	1157.7	163.97	NaN
966.11	379.95	NaN	1157.7	163.97	NaN
966.11	379.95	NaN	1157.7	163.97	NaN
966.11	379.95	NaN	1157.7	163.97	NaN
966.11	379.95	NaN	1157.7	163.97	NaN
966.11	379.95	NaN	1157.7	163.97	NaN
967.96	379.78	NaN	1157.7	163.97	NaN
967.99	379.96	NaN	1157.7	163.97	NaN
967.98	379.97	NaN	1157.7	163.97	NaN
967.96	379.91	NaN	1157.7	163.97	NaN
967.9	380.07	NaN	1157.7	163.97	NaN
967.64	380.16	NaN	1157.7	163.97	NaN
967.9	380.07	NaN	1157.7	163.97	NaN
967.89	380.03	NaN	1157.7	163.97	NaN
968.01	379.99	NaN	1157.7	163.92	NaN
968	380.03	NaN	1157.7	163.92	NaN
968	380.03	NaN	1157.7	163.92	NaN
967.87	380	NaN	1157.7	163.92	NaN
967.91	380.09	NaN	1157.6	163.92	NaN
967.83	380.16	NaN	1157.6	163.92	NaN
967.83	380.16	NaN	1157.7	163.81	NaN
967.7	380.13	NaN	1157.7	163.67	NaN
967.77	379.86	NaN	1157.7	163.67	NaN
967.81	380.22	NaN	1157.7	163.67	NaN
966.06	380.17	NaN	1157.7	163.67	NaN
966.06	380.17	NaN	1157.7	163.67	NaN
967.55	380.38	NaN	1157.7	163.67	NaN
967.42	380.33	NaN	1157.7	163.67	NaN
967.59	380.32	NaN	1157.7	163.67	NaN
967.46	380.29	NaN	1157.7	163.67	NaN
967.59	380.32	NaN	1157.7	163.67	NaN
967.64	380.45	NaN	1157.7	163.67	NaN
967.64	380.45	NaN	1157.7	163.67	NaN
967.52	380.42	NaN	1157.7	163.67	NaN
967.64	380.45	NaN	1157.7	163.67	NaN
967.64	380.45	NaN	1157.7	163.67	NaN
967.52	380.42	NaN	1157.7	163.67	NaN
967.75	380.55	NaN	1157.4	163.99	NaN
967.68	380.61	NaN	1157.4	163.99	NaN
966.06	380.17	NaN	1157.4	163.99	NaN
966	380.47	NaN	1157.4	163.99	NaN
966	380.47	NaN	1157.4	163.99	NaN
966.05	380.76	NaN	1157.4	163.99	NaN
967.55	380.15	NaN	1157.4	163.99	NaN
967.86	380.41	NaN	1157.4	163.99	NaN
967.63	380.37	NaN	1157.4	163.99	NaN
967.67	380.49	NaN	1157.4	163.99	NaN
967.9	380.53	NaN	1157.4	163.99	NaN
967.9	380.53	NaN	1157.4	163.99	NaN
967.67	380.49	NaN	1157.4	163.99	NaN
967.67	380.49	NaN	1157.4	163.99	NaN
967.9	380.53	NaN	1157.4	163.99	NaN
967.67	380.49	NaN	1157.4	163.99	NaN
967.65	380.4	NaN	1157.4	163.99	NaN
967.66	379.97	NaN	1157.4	163.99	NaN
966.31	380.06	NaN	1157.4	163.99	NaN
966.11	380.61	NaN	1157.4	163.99	NaN
966.11	380.61	NaN	1157.4	163.99	NaN
966.11	380.61	NaN	1157.4	163.99	NaN
966.11	380.61	NaN	1157.4	163.99	NaN
966.11	380.61	NaN	1157.4	163.99	NaN
966.31	380.06	NaN	1157.5	165.91	NaN
967.7	380.06	NaN	1157.5	165.91	NaN
966.17	380.11	NaN	1157.5	165.91	NaN
966.17	380.11	NaN	1157.5	165.91	NaN
966.17	380.11	NaN	1157.5	165.91	NaN
966.17	380.11	NaN	1157.5	165.91	NaN
966.17	380.11	NaN	1157.5	165.91	NaN
966.17	380.11	NaN	1157.5	165.91	NaN
966.17	380.11	NaN	1157.5	165.91	NaN
966.17	380.11	NaN	1157.5	165.91	NaN
966.17	380.11	NaN	1157.5	165.91	NaN
966.17	380.11	NaN	1157.5	165.91	NaN
966.17	380.11	NaN	1157.5	165.91	NaN
966.16	380.32	NaN	1157.5	165.91	NaN
966.17	380.11	NaN	1157.5	165.91	NaN
965.95	380.47	NaN	1157.5	165.91	NaN
966.12	379.94	NaN	1157.5	165.91	NaN
966.1	380.9	NaN	1157.5	165.91	NaN
966.05	380.57	NaN	1157.5	165.91	NaN
966.05	380.57	NaN	1157.5	165.91	NaN
966.05	380.57	NaN	1157.5	165.91	NaN
966.05	380.57	NaN	1157.5	165.91	NaN
966.22	380.11	NaN	1157.5	165.91	NaN
966.22	380.11	NaN	1157.5	165.91	NaN
965.89	380.06	NaN	1157.6	165.44	NaN
965.89	380.06	NaN	1157.6	165.44	NaN
965.89	380.06	NaN	1157.6	165.44	NaN
965.89	380.06	NaN	1157.6	165.44	NaN
965.89	380.06	NaN	1157.6	165.44	NaN
965.89	380.06	NaN	1157.6	165.44	NaN
965.89	380.06	NaN	1157.6	165.44	NaN
965.89	380.06	NaN	1157.6	165.44	NaN
965.72	380.17	NaN	1157.6	165.44	NaN
965.8	380.1	NaN	1157.6	165.44	NaN
965.8	380.1	NaN	1157.6	165.44	NaN
965.8	380.1	NaN	1157.6	165.44	NaN
965.8	380.1	NaN	1157.6	165.44	NaN
965.53	380.05	NaN	1157.6	165.44	NaN
965.53	380.05	NaN	1157.6	165.44	NaN
966	379.94	NaN	1157.6	165.44	NaN
965.94	379.82	NaN	1157.6	165.44	NaN
965.94	379.82	NaN	1157.6	165.44	NaN
965.94	379.82	NaN	1157.6	165.44	NaN
965.94	379.82	NaN	1157.6	165.44	NaN
965.94	379.82	NaN	1157.6	165.44	NaN
965.94	379.82	NaN	1157.6	165.44	NaN
966	380	NaN	1157.6	165.44	NaN
966	380	NaN	1157.6	165.44	NaN
966	380	NaN	1157.6	165.44	NaN
966	380	NaN	1157.6	165.44	NaN
966	380	NaN	1157.6	165.44	NaN
965.94	379.82	NaN	1157.6	165.44	NaN
965.75	380.4	NaN	1157.6	165.44	NaN
965.75	380.4	NaN	1157.6	165.44	NaN
965.75	380.4	NaN	1157.6	165.44	NaN
965.75	380.4	NaN	1157.6	165.44	NaN
965.75	380.4	NaN	1157.6	165.44	NaN
965.94	379.82	NaN	1157.6	165.44	NaN
965.94	379.82	NaN	1157.6	165.44	NaN
965.83	380.11	NaN	1157.6	165.44	NaN
965.94	379.82	NaN	1157.6	165.44	NaN
965.94	379.82	NaN	1157.6	165.44	NaN
965.65	379.85	NaN	1157.6	165.44	NaN
965.65	379.85	NaN	1157.6	165.44	NaN
965.65	379.85	NaN	1157.6	165.44	NaN
965.65	379.85	NaN	1157.6	165.44	NaN
965.65	379.85	NaN	1157.6	165.44	NaN
965.65	379.85	NaN	1157.6	165.44	NaN
965.65	379.85	NaN	1157.6	165.44	NaN
965.68	379.95	NaN	1157.6	165.44	NaN
965.68	379.95	NaN	1157.6	165.44	NaN
965.68	379.95	NaN	1157.6	165.44	NaN
965.89	380.11	NaN	1157.6	164.46	NaN
965.89	380.11	NaN	1157.6	164.46	NaN
965.89	380.11	NaN	1157.6	164.46	NaN
965.89	380.11	NaN	1157.6	164.46	NaN
965.89	380.11	NaN	1157.6	164.46	NaN
965.89	380.11	NaN	1157.6	164.46	NaN
965.89	380.11	NaN	1157.6	164.46	NaN
965.89	380.11	NaN	1157.6	164.46	NaN
965.89	380.11	NaN	1157.6	164.46	NaN
965.88	380.18	NaN	1157.6	164.46	NaN
966	380.33	NaN	1157.6	164.46	NaN
966.12	380.47	NaN	1157.6	164.46	NaN
966.12	380.47	NaN	1157.6	164.46	NaN
966.12	380.47	NaN	1157.6	164.46	NaN
966.12	380.47	NaN	1157.6	164.46	NaN
966.12	380.47	NaN	1157.6	164.46	NaN
966.12	380.47	NaN	1157.6	164.46	NaN
966.12	380.47	NaN	1157.6	164.46	NaN
966.11	380.67	NaN	1157.6	164.46	NaN
966.11	380.67	NaN	1157.6	164.46	NaN
966.11	380.67	NaN	1157.6	164.46	NaN
966.11	380.67	NaN	1157.6	164.46	NaN
966.11	380.67	NaN	1157.6	164.46	NaN
966.11	380.67	NaN	1157.6	164.46	NaN
966.11	380.67	NaN	1157.6	164.46	NaN
966.11	380.67	NaN	1157.6	164.46	NaN
966.11	380.67	NaN	1157.6	164.46	NaN
966.12	380.47	NaN	1157.6	164.46	NaN
966.12	380.47	NaN	1157.6	164.46	NaN
966.12	380.47	NaN	1157.6	164.46	NaN
966.12	380.47	NaN	1157.6	164.46	NaN
966.11	380.56	NaN	1157.6	164.46	NaN
965.95	380.55	NaN	1157.6	164.46	NaN
965.95	380.55	NaN	1157.6	164.46	NaN
965.95	380.55	NaN	1157.6	164.46	NaN
965.95	380.55	NaN	1157.6	164.46	NaN
965.95	380.55	NaN	1157.6	164.46	NaN
965.89	380.58	NaN	1157.6	164.46	NaN
965.78	380.44	NaN	1157.6	164.46	NaN
965.78	380.44	NaN	1157.6	164.46	NaN
965.78	380.39	NaN	1157.6	164.46	NaN
965.78	380.39	NaN	1157.6	164.46	NaN
965.78	380.39	NaN	1157.6	164.46	NaN
965.78	380.39	NaN	1157.6	164.46	NaN
965.78	380.39	NaN	1157.6	164.46	NaN
965.78	380.39	NaN	1157.6	164.46	NaN
965.78	380.39	NaN	1157.6	164.46	NaN
965.78	380.39	NaN	1157.6	164.46	NaN
965.75	380.63	NaN	1157.6	165.95	NaN
965.75	380.63	NaN	1157.6	165.95	NaN
965.75	380.63	NaN	1157.6	165.95	NaN
965.75	380.63	NaN	1157.6	165.95	NaN
965.75	380.63	NaN	1157.6	165.95	NaN
965.75	380.63	NaN	1157.6	165.95	NaN
965.75	380.63	NaN	1157.6	165.95	NaN
965.75	380.63	NaN	1157.6	165.95	NaN
965.75	380.63	NaN	1157.6	165.95	NaN
965.75	380.63	NaN	1157.6	165.95	NaN
965.75	380.63	NaN	1157.6	165.95	NaN
965.76	380.88	NaN	1157.6	165.95	NaN
965.76	380.88	NaN	1157.6	165.95	NaN
965.89	381.21	NaN	1157.6	165.95	NaN
965.36	380.91	NaN	1157.6	165.95	NaN
965.41	380.55	NaN	1157.6	165.95	NaN
965.39	380.83	NaN	1157.6	165.95	NaN
965.39	380.83	NaN	1157.6	165.95	NaN
965.39	380.83	NaN	1157.6	165.95	NaN
965.29	381.5	NaN	1157.6	165.95	NaN
965.16	380.37	NaN	1157.6	165.95	NaN
965.16	380.37	NaN	1157.6	165.95	NaN
965.3	380.2	NaN	1157.6	166.05	NaN
965.55	379.91	NaN	1157.6	166.05	NaN
965.43	380	NaN	1157.6	166.05	NaN
965.43	380	NaN	1157.6	166.05	NaN
965.43	380	NaN	1157.6	166.05	NaN
965.43	380	NaN	1157.6	166.05	NaN
965.43	380	NaN	1157.6	166.05	NaN
965.43	380	NaN	1157.6	166.05	NaN
965.43	380	NaN	1157.6	166.05	NaN
965.55	380.05	NaN	1157.6	166.05	NaN
965.75	380.3	NaN	1157.6	166.05	NaN
965.53	380.37	NaN	1157.6	166.05	NaN
965.5	380.38	NaN	1157.6	166.05	NaN
965.33	380.71	NaN	1157.6	166.05	NaN
965.38	380.63	NaN	1157.6	166.05	NaN
965.32	380.56	NaN	1157.6	166.05	NaN
964.81	380.81	NaN	1157.6	166.05	NaN
964.81	380.81	NaN	1157.6	166.05	NaN
964.81	380.81	NaN	1157.6	166.05	NaN
964.81	380.81	NaN	1157.6	166.05	NaN
964.81	380.81	NaN	1157.6	166.05	NaN
964.81	380.81	NaN	1157.6	166.05	NaN
964.86	380.95	NaN	1157.6	166.05	NaN
964.86	380.95	NaN	1157.6	166.05	NaN
965.09	380.96	NaN	1157.6	166.05	NaN
965.09	380.96	NaN	1157.6	166.05	NaN
964.58	380.68	NaN	1157.6	166.46	NaN
964.58	380.68	NaN	1157.6	166.46	NaN
964.86	380.81	NaN	1157.6	166.46	NaN
965.09	380.91	NaN	1157.6	166.46	NaN
965.09	380.91	NaN	1157.6	166.46	NaN
965.09	380.91	NaN	1157.6	166.46	NaN
965.09	380.91	NaN	1157.6	166.46	NaN
964.47	380.63	NaN	1157.6	166.46	NaN
964.47	380.63	NaN	1157.6	166.46	NaN
964.8	380.8	NaN	1157.6	166.46	NaN
964.47	380.63	NaN	1157.6	166.46	NaN
964.47	380.63	NaN	1157.6	166.46	NaN
964.86	380.81	NaN	1157.6	166.46	NaN
964.86	380.81	NaN	1157.6	166.46	NaN
964.86	380.81	NaN	1157.6	166.46	NaN
964.86	380.81	NaN	1157.6	166.46	NaN
964.86	380.81	NaN	1157.6	166.46	NaN
964.86	380.81	NaN	1157.6	166.21	NaN
964.86	380.81	NaN	1157.6	166.31	NaN
964.86	380.81	NaN	1157.6	166.31	NaN
964.86	380.81	NaN	1157.6	166.31	NaN
964.86	380.81	NaN	1157.6	166.93	NaN
964.86	380.81	NaN	1157.6	166.93	NaN
964.86	380.81	NaN	1157.7	166.85	NaN
964.86	380.81	NaN	1157.7	166.85	NaN
964.86	380.81	NaN	1157.7	166.85	NaN
965.09	380.91	NaN	1157.7	166.85	NaN
964.86	380.81	NaN	1157.7	166.85	NaN
964.86	380.81	NaN	1157.7	166.85	NaN
964.86	380.81	NaN	1157.7	166.85	NaN
964.86	380.81	NaN	1157.7	166.74	NaN
964.65	380.75	NaN	1157.7	166.74	NaN
964.65	380.75	NaN	1157.7	166.51	NaN
964.65	380.75	NaN	1157.7	166.51	NaN
964.82	380.86	NaN	1157.7	166.51	NaN
965	380.91	NaN	1157.7	166.51	NaN
965.27	380.96	NaN	1157.7	166.48	NaN
964.83	380.91	NaN	1157.7	166.61	NaN
964.83	380.87	NaN	1157.6	163.31	NaN
964.83	380.87	NaN	1157.6	163.08	NaN
964.83	380.87	NaN	1157.6	163.08	NaN
964.96	380.83	NaN	1157.6	163.08	NaN
964.6	380.55	NaN	1157.6	163.08	NaN
964.6	380.55	NaN	1157.6	163.08	NaN
964.6	380.55	NaN	1157.6	163.08	NaN
964.42	380.47	NaN	1157.6	163.08	NaN
964.76	380.62	NaN	1157.6	163.08	NaN
964.6	380.65	NaN	1157.6	163.08	NaN
965.58	381.67	NaN	1157.6	162.92	NaN
965.58	381.67	NaN	1157.6	162.92	NaN
965.58	381.67	NaN	1157.6	162.92	NaN
965.58	381.67	NaN	1157.6	162.92	NaN
965.58	381.67	NaN	1157.6	162.92	NaN
965.58	381.67	NaN	1157.6	162.92	NaN
965.58	381.67	NaN	1157.6	162.92	NaN
965.58	381.67	NaN	1157.6	162.92	NaN
965.36	381.64	NaN	1157.6	162.92	NaN
965.36	381.64	NaN	1157.8	162.38	NaN
965.31	382.08	NaN	1157.8	162.62	NaN
964.45	380.75	NaN	1157.8	162.62	NaN
965.09	380.78	NaN	1157.8	162.62	NaN
964.81	380.71	NaN	1157.8	162.62	NaN
964.53	380.53	NaN	1157.8	162.62	NaN
964.53	380.53	NaN	1157.8	162.62	NaN
964.53	380.53	NaN	1157.8	162.62	NaN
964.53	380.53	NaN	1157.8	162.62	NaN
964.86	380.95	NaN	1157.8	162.62	NaN
964.86	380.95	NaN	1157.8	162.62	NaN
964.86	380.95	NaN	1157.8	162.62	NaN
964.85	380.7	NaN	1157.8	162.62	NaN
964.68	380.63	NaN	1157.8	162.62	NaN
964.68	380.63	NaN	1157.8	162.62	NaN
964.68	380.63	NaN	1157.8	162.62	NaN
964.85	380.7	NaN	1157.8	162.62	NaN
964.85	380.7	NaN	1157.8	162.62	NaN
965.05	380.41	NaN	1157.8	162.62	NaN
964.5	380.56	NaN	1157.8	162.59	NaN
964.68	380.32	NaN	1157.8	162.62	NaN
964.5	380.06	NaN	1157.8	162.62	NaN
964.5	380.06	NaN	1157.8	162.62	NaN
964.5	380.06	NaN	1157.8	162.62	NaN
964.86	380.59	NaN	1157.8	162.62	NaN
965	380.52	NaN	1157.8	162.62	NaN
965	380.52	NaN	1157.8	162.62	NaN
965	380.52	NaN	1157.8	162.62	NaN
964.86	380.45	NaN	1157.8	162.62	NaN
964.71	380.57	NaN	1157.8	162.62	NaN
964.71	380.57	NaN	1157.8	162.62	NaN
964.71	380.57	NaN	1157.8	162.62	NaN
964.71	380.57	NaN	1157.8	162.62	NaN
964.71	380.57	NaN	1157.8	162.62	NaN
964.71	380.57	NaN	1157.8	162.62	NaN
964.71	380.57	NaN	1157.8	162.62	NaN
964.71	380.57	NaN	1157.7	161.04	NaN
964.71	380.57	NaN	1157.7	161.14	NaN
964.71	380.57	NaN	1157.8	159.78	NaN
965.08	381.42	NaN	1157.8	160.95	NaN
965.08	381.42	NaN	1157.8	160.95	NaN
964.96	380.28	NaN	1157.8	160.95	NaN
964.88	380.42	NaN	1157.8	160.95	NaN
964.64	380.55	NaN	1157.8	160.95	NaN
964.78	380.43	NaN	1157.7	161.04	NaN
965	380.28	NaN	1157.7	161.04	NaN
965	380.28	NaN	1157.7	161.04	NaN
964.96	380.24	NaN	1157.7	161.04	NaN
964.78	380.52	NaN	1157.7	161.04	NaN
964.78	380.52	NaN	1157.7	161.04	NaN
964.48	380.57	NaN	1157.7	161.04	NaN
964.48	380.57	NaN	1157.7	161.04	NaN
964.48	380.57	NaN	1157.7	161.04	NaN
964.64	380.5	NaN	1157.7	161.04	NaN
964.64	380.5	NaN	1157.7	161.04	NaN
964.64	380.5	NaN	1157.7	161.04	NaN
964.64	380.5	NaN	1157.7	161.04	NaN
964.64	380.5	NaN	1157.7	161.04	NaN
964.64	380.5	NaN	1157.7	161.04	NaN
964.64	380.5	NaN	1157.7	161.04	NaN
965.08	381.42	NaN	1157.7	161.04	NaN
964.79	380.04	NaN	1157.7	161.04	NaN
964.79	380.04	NaN	1157.7	161.04	NaN
964.79	380.04	NaN	1157.7	161.04	NaN
964.75	380.25	NaN	1157.7	161.04	NaN
964.75	380.25	NaN	1157.7	161.04	NaN
964.42	380.19	NaN	1157.7	161.04	NaN
964.42	380.19	NaN	1157.7	161.04	NaN
964.42	380.19	NaN	1157.7	161.04	NaN
964.81	379.96	NaN	1157.7	161.04	NaN
964.69	381.31	NaN	1157.6	161.37	NaN
964.69	381.31	NaN	1157.4	161.92	NaN
964.9	380.65	NaN	1157.4	162.06	NaN
NaN	NaN	NaN	NaN	NaN	NaN
NaN	NaN	NaN	NaN	NaN	NaN
NaN	NaN	NaN	NaN	NaN	NaN
NaN	NaN	NaN	NaN	NaN	NaN
NaN	NaN	NaN	NaN	NaN	NaN
NaN	NaN	NaN	NaN	NaN	NaN
NaN	NaN	NaN	NaN	NaN	NaN
NaN	NaN	NaN	NaN	NaN	NaN
NaN	NaN	NaN	NaN	NaN	NaN
NaN	NaN	NaN	NaN	NaN	NaN
NaN	NaN	NaN	NaN	NaN	NaN
NaN	NaN	NaN	NaN	NaN	NaN
NaN	NaN	NaN	NaN	NaN	NaN
NaN	NaN	NaN	NaN	NaN	NaN
906.14	222.56	NaN	633.24	299.59	NaN
NaN	NaN	NaN	NaN	NaN	NaN
NaN	NaN	NaN	NaN	NaN	NaN
NaN	NaN	NaN	NaN	NaN	NaN
NaN	NaN	NaN	NaN	NaN	NaN
NaN	NaN	NaN	NaN	NaN	NaN
NaN	NaN	NaN	NaN	NaN	NaN
NaN	NaN	NaN	NaN	NaN	NaN
NaN	NaN	NaN	NaN	NaN	NaN
NaN	NaN	NaN	NaN	NaN	NaN
NaN	NaN	NaN	NaN	NaN	NaN
NaN	NaN	NaN	NaN	NaN	NaN
1120.9	203.05	NaN	1182.6	159.07	NaN
1120.8	203	NaN	1182.2	158.93	NaN
1120.6	203.14	NaN	1181.6	158.9	NaN
1120.5	203.14	NaN	1182.3	158.97	NaN
NaN	NaN	NaN	NaN	NaN	NaN
NaN	NaN	NaN	NaN	NaN	NaN
NaN	NaN	NaN	NaN	NaN	NaN
NaN	NaN	NaN	NaN	NaN	NaN
NaN	NaN	NaN	NaN	NaN	NaN
NaN	NaN	NaN	NaN	NaN	NaN
NaN	NaN	NaN	NaN	NaN	NaN
NaN	NaN	NaN	NaN	NaN	NaN
NaN	NaN	NaN	NaN	NaN	NaN
NaN	NaN	NaN	NaN	NaN	NaN
NaN	NaN	NaN	NaN	NaN	NaN
NaN	NaN	NaN	NaN	NaN	NaN
NaN	NaN	NaN	NaN	NaN	NaN
NaN	NaN	NaN	NaN	NaN	NaN
NaN	NaN	NaN	NaN	NaN	NaN
NaN	NaN	NaN	NaN	NaN	NaN
NaN	NaN	NaN	NaN	NaN	NaN
NaN	NaN	NaN	NaN	NaN	NaN
NaN	NaN	NaN	NaN	NaN	NaN
NaN	NaN	NaN	NaN	NaN	NaN
NaN	NaN	NaN	NaN	NaN	NaN
NaN	NaN	NaN	NaN	NaN	NaN
NaN	NaN	NaN	NaN	NaN	NaN
NaN	NaN	NaN	NaN	NaN	NaN
NaN	NaN	NaN	NaN	NaN	NaN
NaN	NaN	NaN	NaN	NaN	NaN
NaN	NaN	NaN	NaN	NaN	NaN
NaN	NaN	NaN	NaN	NaN	NaN
965	380.73	NaN	1158	162.95	NaN
965	381.04	NaN	1158	162.77	NaN
965	381.38	NaN	1158	162.8	NaN
965	381.38	NaN	1158	162.59	NaN
965	381.04	NaN	1157.7	161.34	NaN
965	380.73	NaN	1157.6	161.49	NaN
965.22	380.61	NaN	1157.6	162.52	NaN
965.22	380.61	NaN	1157.4	162.61	NaN
965.5	380.46	NaN	1157.4	162.76	NaN
965.67	380.25	NaN	1157.4	162.76	NaN
964.86	380.71	NaN	1157.4	162.76	NaN
965.09	380.64	NaN	1157.4	162.61	NaN
965.08	381.52	NaN	1157.5	162.34	NaN
965.5	381.46	NaN	1157.6	161.03	NaN
965.75	381	NaN	1157.7	161.88	NaN
966.58	380.65	NaN	1157.9	162.21	NaN
966.59	379.86	NaN	1157.9	162.21	NaN
966.59	379.86	NaN	1157.8	162.13	NaN
965.55	379.85	NaN	1157.8	162.18	NaN
965.55	379.85	NaN	1157.8	162.18	NaN
964.78	380.06	NaN	1157.8	160.66	NaN
964.78	380.06	NaN	1157.7	160.84	NaN
965.11	380	NaN	1157.5	161.52	NaN
965.11	380	NaN	1157.7	164.9	NaN
965.11	380	NaN	1157.7	165.01	NaN
965.11	380	NaN	1157.7	165.01	NaN
965.11	380	NaN	1157.5	162.1	NaN
965.2	380.15	NaN	1157.5	162.1	NaN
965.11	380	NaN	1157.5	161.36	NaN
965.15	380	NaN	1157.5	161.21	NaN
965.15	380	NaN	1157.5	161.73	NaN
965.26	380.16	NaN	1157.5	161.75	NaN
965.1	380	NaN	1157.6	162.75	NaN
965.1	380	NaN	1157.5	162.72	NaN
965.1	380	NaN	1157.6	162.63	NaN
965.1	380	NaN	1157.6	162.5	NaN
965.1	380	NaN	1157.7	162.1	NaN
965.42	381.15	NaN	1157.6	162.67	NaN
965.42	381.15	NaN	1157.7	162.68	NaN
965.42	381.15	NaN	1157.6	162.8	NaN
965.42	381.15	NaN	1157.9	165.94	NaN
965.42	381.15	NaN	1157.9	165.87	NaN
965.42	381.15	NaN	1157.9	165.87	NaN
965.42	381.15	NaN	1157.9	165.87	NaN
965.42	381.15	NaN	1157.9	165.87	NaN
966.07	381	NaN	1157.9	166.68	NaN
966.07	381	NaN	1157.9	166.68	NaN
966.07	381	NaN	1157.7	163.11	NaN
966.07	381	NaN	1157.7	163.12	NaN
967.57	380.37	NaN	1157.7	163.12	NaN
967.5	380.43	NaN	1157.8	163.06	NaN
967.8	379.64	NaN	1157.8	163.06	NaN
967.87	379.48	NaN	1157.7	163.32	NaN
967.24	379.62	NaN	1157.6	163.43	NaN
967.24	379.62	NaN	1157.6	163.43	NaN
965.84	380	NaN	1157.6	163.58	NaN
965.33	380.17	NaN	1157.6	163.61	NaN
965.65	380.2	NaN	1157.6	162.23	NaN
965.65	380.2	NaN	1157.6	161.93	NaN
965.45	380.23	NaN	1157.6	161.82	NaN
964.76	380.19	NaN	1157.6	161.82	NaN
964.76	380.19	NaN	1157.6	161.82	NaN
964.76	380.19	NaN	1157.6	161.82	NaN
964.76	380.19	NaN	1157.7	161.65	NaN
964.76	380.19	NaN	1157.7	162.28	NaN
964.76	380.19	NaN	1157.7	162.24	NaN
964.76	380.19	NaN	1157.7	162.24	NaN
964.76	380.19	NaN	1157.7	162.24	NaN
964.76	380.19	NaN	1157.7	162.24	NaN
964.76	380.19	NaN	1157.6	162.1	NaN
964.76	380.19	NaN	1157.6	162.19	NaN
964.76	380.19	NaN	1157.6	162.19	NaN
964.76	380.19	NaN	1157.6	162.06	NaN
964.91	380.32	NaN	1157.6	162.06	NaN
964.91	380.32	NaN	1157.9	165.56	NaN
964.91	380.32	NaN	1158	165.83	NaN
964.85	380.35	NaN	1158.4	166.09	NaN
964.85	380.35	NaN	1158.4	166.09	NaN
964.85	380.35	NaN	1158.4	166.01	NaN
964.85	380.35	NaN	1158.4	166.01	NaN
964.85	380.35	NaN	1158.4	165.91	NaN
964.85	380.35	NaN	1158.4	165.91	NaN
964.85	380.35	NaN	1158.4	165.91	NaN
964.85	380.35	NaN	1158.4	165.91	NaN
964.85	380.35	NaN	1158.4	165.91	NaN
964.85	380.35	NaN	1158.4	165.91	NaN
964.85	380.35	NaN	1158.4	165.91	NaN
964.85	380.35	NaN	1158.4	165.91	NaN
964.85	380.35	NaN	1158.4	165.91	NaN
964.85	380.35	NaN	1158.4	165.91	NaN
964.85	380.35	NaN	1158.4	165.39	NaN
964.85	380.35	NaN	1158.4	165.39	NaN
964.85	380.35	NaN	1158.4	164.95	NaN
964.85	380.35	NaN	1158.3	165.07	NaN
965.1	380.33	NaN	1158.3	165.07	NaN
964.65	380.55	NaN	1158.3	165.07	NaN
964.67	381.29	NaN	1158.3	164.96	NaN
964.5	381.14	NaN	1158.3	164.96	NaN
964.5	381.14	NaN	1158.3	164.96	NaN
964.48	380.43	NaN	1158.3	164.96	NaN
964.65	380.55	NaN	1158.3	164.96	NaN
964.65	380.55	NaN	1158.3	164.96	NaN
964.65	380.55	NaN	1158.3	164.96	NaN
964.81	380.67	NaN	1158.3	164.96	NaN
964.81	380.67	NaN	1158.3	164.96	NaN
964.64	380.55	NaN	1158.3	164.96	NaN
964.81	380.67	NaN	1158.3	164.96	NaN
964.81	380.67	NaN	1158.3	164.96	NaN
964.81	380.67	NaN	1158.3	164.96	NaN
964.81	380.67	NaN	1158.3	164.96	NaN
964.81	380.67	NaN	1158.3	164.96	NaN
964.81	380.67	NaN	1158.3	164.96	NaN
964.81	380.67	NaN	1158.3	164.96	NaN
964.81	380.67	NaN	1158.3	164.96	NaN
964.81	380.67	NaN	1158.3	164.96	NaN
964.81	380.67	NaN	1158.3	164.96	NaN
964.81	380.67	NaN	1158.3	164.96	NaN
964.81	380.67	NaN	1158.3	164.96	NaN
964.81	380.67	NaN	1158.3	164.96	NaN
964.81	380.67	NaN	1158.3	164.96	NaN
964.81	380.67	NaN	1158.3	164.96	NaN
964.64	380.55	NaN	1158.3	165.07	NaN
964.64	380.55	NaN	1158.3	165.09	NaN
964.64	380.55	NaN	1158.3	165.09	NaN
965.08	380.08	NaN	1158.1	165.22	NaN
965.08	380.08	NaN	1158.1	165.22	NaN
965.08	380.08	NaN	1158.1	165.22	NaN
965.08	380.08	NaN	1158.1	165.22	NaN
965.08	380.08	NaN	1158.1	165.22	NaN
965.08	380.24	NaN	1158.1	165.22	NaN
964.41	380.27	NaN	1158.1	165.22	NaN
964.45	380.41	NaN	1158.1	165.22	NaN
964.19	380.43	NaN	1158.1	165.22	NaN
964.64	380.86	NaN	1158.1	165.22	NaN
964.05	381.85	NaN	1158	162.5	NaN
964.33	386.78	NaN	1157.5	165.62	NaN
968.87	384.94	NaN	1156.7	165.7	NaN
970.65	382.75	NaN	1155.5	166.92	NaN
969.83	385.96	NaN	1155.6	167.41	NaN
969.43	388.38	NaN	1155.5	168.53	NaN
970.83	387.89	NaN	1154.6	168.47	NaN
973.2	387.04	NaN	1153.9	168.19	NaN
980	389.24	NaN	1154.7	169.5	NaN
983.48	386.52	NaN	1155.6	170.99	NaN
988.35	387.65	NaN	1156.6	168.35	NaN
987.78	388.56	NaN	1155.8	169.48	NaN
989.86	388.07	NaN	1155.5	166.95	NaN
995.76	388.86	NaN	1155.7	163.49	NaN
997.35	386.53	NaN	1157.7	164.9	NaN
998.36	386.59	NaN	1158.5	163.83	NaN
998.75	386.5	NaN	1159.4	164.39	NaN
997.7	386.61	NaN	1158.7	166.18	NaN
997.84	385.63	NaN	1157.6	163.17	NaN
999	385.6	NaN	1157.5	166.61	NaN
998.53	385.59	NaN	1157.7	167.71	NaN
997.88	385	NaN	1158	167.15	NaN
998.05	385.68	NaN	1157.6	166.31	NaN
997.52	385.62	NaN	1156.6	167.64	NaN
997.17	385.61	NaN	1156.2	167.76	NaN
997.35	385.35	NaN	1156.2	167.24	NaN
996.67	384.9	NaN	1156.8	166.51	NaN
996.5	384.8	NaN	1156.6	164.65	NaN
995.89	384.53	NaN	1156.5	164.08	NaN
996.05	384.71	NaN	1156.6	166.1	NaN
995.54	384.46	NaN	1156.8	165.63	NaN
995.64	384.23	NaN	1156.3	161.63	NaN
996.06	384.18	NaN	1156.6	162.32	NaN
996.06	384.18	NaN	1156.6	162.32	NaN
996.25	384.31	NaN	1156.3	161.89	NaN
996.05	384.6	NaN	1156.3	162.26	NaN
995.77	384.36	NaN	1156.4	164.43	NaN
996.21	384.5	NaN	1156.2	164.72	NaN
996.4	384.75	NaN	1156.6	167.26	NaN
996.8	384.95	NaN	1156.7	167.67	NaN
996.55	384.9	NaN	1156.6	166.99	NaN
996.79	385	NaN	1156.6	167.76	NaN
996.9	385.2	NaN	1156.6	164.25	NaN
997.47	384.95	NaN	1157.2	164.58	NaN
997.55	384.9	NaN	1157.7	167.09	NaN
998.1	385.19	NaN	1157.5	163.77	NaN
997.84	385	NaN	1158.2	162.73	NaN
998.42	385.16	NaN	1158.4	164.3	NaN
999	385	NaN	1158.5	165.26	NaN
999	385	NaN	1158.5	165.49	NaN
999	385	NaN	1158.4	161.53	NaN
999	385	NaN	1158.2	162	NaN
998.76	384.86	NaN	1158.2	165.39	NaN
999	385	NaN	1158	162.03	NaN
998.71	385.29	NaN	1157.9	162.25	NaN
998.86	385.64	NaN	1157.8	163.05	NaN
998.32	385.37	NaN	1157.8	162.98	NaN
998.5	386.08	NaN	1157.6	163.99	NaN
997.96	385.52	NaN	1157.6	164.87	NaN
998.13	386.17	NaN	1157.7	163.96	NaN
997.56	385.44	NaN	1157.7	164.08	NaN
997.32	385.37	NaN	1157.7	166.25	NaN
997.09	385.48	NaN	1157.6	165.05	NaN
996.71	385.38	NaN	1157.7	165.97	NaN
996.77	385.59	NaN	1157.5	166.39	NaN
996.4	385.55	NaN	1156.9	161.65	NaN
996.09	385.48	NaN	1156.5	162.8	NaN
995.81	385.48	NaN	1156.6	165.62	NaN
995.6	385.4	NaN	1156.5	165.6	NaN
995.68	385.37	NaN	1156.3	166.28	NaN
995.68	385.37	NaN	1156.3	166.28	NaN
995.6	385.4	NaN	1156.3	163.43	NaN
995.6	385.4	NaN	1156.3	163.46	NaN
996	385.32	NaN	1156.4	163.38	NaN
996.22	385.26	NaN	1156.6	166.23	NaN
996.22	385.26	NaN	1156.6	166.02	NaN
996.18	385.68	NaN	1156.7	164.24	NaN
996.54	385.67	NaN	1157.1	164.68	NaN
996.36	385.27	NaN	1157.1	165.55	NaN
996.4	385.48	NaN	1157.3	166.31	NaN
997.15	385.92	NaN	1157.5	166.33	NaN
997.77	386.57	NaN	1157.7	166.76	NaN
997.68	385.59	NaN	1157.7	166.86	NaN
997.59	385.95	NaN	1157.7	166.61	NaN
998.52	386.3	NaN	1157.5	164.79	NaN
998.89	387	NaN	1157.6	164.18	NaN
999.04	387.12	NaN	1157.5	163.57	NaN
999.04	387.12	NaN	1157.6	163.58	NaN
998.96	386.78	NaN	1157.6	163.72	NaN
998.96	386.78	NaN	1157.6	163.72	NaN
998.96	386.78	NaN	1157.6	163.72	NaN
998.96	386.78	NaN	1157.6	164.5	NaN
998.91	386.91	NaN	1157.7	164.02	NaN
998.77	386.86	NaN	1157.7	163.88	NaN
998.63	387	NaN	1157.6	164.51	NaN
998.78	387	NaN	1157.5	164.93	NaN
998.82	387.46	NaN	1157.5	163.75	NaN
998	385.95	NaN	1157.5	165.53	NaN
997.61	386	NaN	1157.5	165.53	NaN
998	386.59	NaN	1157.2	164.22	NaN
998.12	386.81	NaN	1156.9	163.41	NaN
997.67	386.14	NaN	1156.8	163.49	NaN
997.6	385.9	NaN	1156.8	163.46	NaN
997.38	385.81	NaN	1156.7	162.86	NaN
997.2	385.8	NaN	1156.4	162.95	NaN
997	386.25	NaN	1156.4	162.64	NaN
996.86	385.76	NaN	1156.4	162.43	NaN
996.86	385.76	NaN	1156.4	162.28	NaN
997.1	385.8	NaN	1156.4	162.28	NaN
997.1	385.8	NaN	1156.4	162.54	NaN
997.23	386.32	NaN	1156.6	165.05	NaN
997.19	386.14	NaN	1156.7	165.03	NaN
997	386.25	NaN	1156.7	165.57	NaN
997.18	387	NaN	1156.6	162.45	NaN
997.14	386.24	NaN	1156.8	162.12	NaN
997.65	386.88	NaN	1156.9	162.67	NaN
997.96	386.88	NaN	1157.1	163.83	NaN
998.14	385.95	NaN	1157.4	162.56	NaN
998.1	385.8	NaN	1157.4	162.72	NaN
997.89	385.89	NaN	1157.5	162.39	NaN
998.26	387.22	NaN	1158	166.19	NaN
998.14	386.76	NaN	1157.7	163.32	NaN
998.14	386.76	NaN	1157.9	162.88	NaN
998.25	386.63	NaN	1158	163.16	NaN
997.91	385.87	NaN	1158.1	164.07	NaN
997.91	385.87	NaN	1158.1	164.07	NaN
997.91	385.87	NaN	1158.2	164.47	NaN
998.16	386.16	NaN	1158.2	164.53	NaN
998.33	386.3	NaN	1158.2	164.55	NaN
998.68	385.79	NaN	1158.2	164.23	NaN
998.23	386	NaN	1157.9	165.32	NaN
998.87	385.97	NaN	1157.9	165.32	NaN
998.53	386.53	NaN	1157.7	164.71	NaN
997.95	385.18	NaN	1157.6	164.72	NaN
997.95	385.18	NaN	1157.8	167.31	NaN
997.88	385.58	NaN	1157.7	166.74	NaN
997.92	386.32	NaN	1157.7	165.37	NaN
997.52	385.95	NaN	1157.5	164.44	NaN
997.32	385.82	NaN	1157.7	164.67	NaN
997.21	385.79	NaN	1157.6	164.62	NaN
996.82	385.32	NaN	1157.6	164.62	NaN
997.23	385.27	NaN	1157.3	162.42	NaN
997.14	384.95	NaN	1157.3	162.22	NaN
997.14	384.95	NaN	1157.3	162.26	NaN
997.14	384.95	NaN	1157.3	162.21	NaN
997.23	385.27	NaN	1157.3	162.21	NaN
997.19	385.14	NaN	1157.2	162.11	NaN
996.95	385.09	NaN	1157.6	164.68	NaN
997.13	385.79	NaN	1157.7	165.19	NaN
997.16	385.84	NaN	1157.7	164.87	NaN
997.25	386.1	NaN	1157.7	164.87	NaN
997.83	385.87	NaN	1157.7	164.76	NaN
997.92	386.08	NaN	1157.7	165.35	NaN
998.27	385.59	NaN	1157.7	166.22	NaN
997.91	384.91	NaN	1157.8	166.85	NaN
997.82	385.32	NaN	1157.7	163.62	NaN
997.96	385.91	NaN	1157.8	164.13	NaN
998.32	385.95	NaN	1158	163.69	NaN
998.09	385.74	NaN	1157.8	161.72	NaN
998.09	385.74	NaN	1158.2	165.41	NaN
998.09	385.74	NaN	1158.4	165.48	NaN
998.09	385.74	NaN	1158.4	165.48	NaN
998.32	385.82	NaN	1158.4	165.48	NaN
998.09	385.74	NaN	1158.3	165.78	NaN
998.09	385.74	NaN	1158.3	165.78	NaN
998.09	385.74	NaN	1158.3	166.25	NaN
998.09	385.74	NaN	1158.3	165.95	NaN
998.09	385.74	NaN	1157.8	162.56	NaN
998.04	386.13	NaN	1157.6	163.94	NaN
998.23	386.23	NaN	1157.6	162.89	NaN
997.37	385	NaN	1157.6	163.13	NaN
997.88	386	NaN	1157.7	166.48	NaN
997.48	385.62	NaN	1157.7	166.07	NaN
997.48	385.62	NaN	1157.6	166.08	NaN
997.55	385.95	NaN	1157.7	165.86	NaN
997.96	385.63	NaN	1157.7	165.91	NaN
998	385.96	NaN	1157.4	165.38	NaN
996.72	384.78	NaN	1157.4	165.94	NaN
996.72	384.78	NaN	1157.4	165.94	NaN
996.72	384.78	NaN	1157.1	164.08	NaN
996.72	384.78	NaN	1157.3	164.04	NaN
996.72	384.78	NaN	1157.3	164.04	NaN
996.72	384.78	NaN	1157.3	164.04	NaN
997.1	385.19	NaN	1157.2	162.67	NaN
997.86	385	NaN	1157.2	162.67	NaN
997.81	384.71	NaN	1157.6	165.52	NaN
998	384.68	NaN	1157.8	166.13	NaN
997.9	384.71	NaN	1157.8	166.77	NaN
998.48	385.84	NaN	1157.8	166.51	NaN
998.45	384.85	NaN	1158	166.29	NaN
998.18	384.68	NaN	1157.9	166.43	NaN
998.18	384.68	NaN	1157.8	163.37	NaN
998.64	384.59	NaN	1157.9	163	NaN
998.64	384.68	NaN	1158.1	162.57	NaN
998.64	384.68	NaN	1158.1	162.61	NaN
998.33	384.89	NaN	1158.1	162.99	NaN
998.74	384.74	NaN	1158.1	162.99	NaN
998.74	384.74	NaN	1158.1	162.99	NaN
998.74	384.74	NaN	1158.1	162.99	NaN
998.74	384.74	NaN	1158.1	162.99	NaN
998.74	384.74	NaN	1158.1	162.91	NaN
998.74	384.74	NaN	1158.1	162.91	NaN
998.74	384.74	NaN	1158	163.04	NaN
998.35	384.7	NaN	1158.1	162.77	NaN
998.91	384.17	NaN	1158	162.62	NaN
998.57	384.87	NaN	1157.9	163.33	NaN
998.3	385.15	NaN	1157.8	166.88	NaN
998.11	385.17	NaN	1157.8	166.88	NaN
998	385.91	NaN	1157.8	166.75	NaN
997.26	384.84	NaN	1157.7	165.16	NaN
997.26	384.84	NaN	1157.7	165.07	NaN
998.28	385	NaN	1157.7	166.16	NaN
997.33	385.05	NaN	1157.6	165.82	NaN
997.25	384.75	NaN	1157.4	162.79	NaN
997.16	384.63	NaN	1157.4	162.69	NaN
997.16	384.63	NaN	1157.4	162.69	NaN
997.16	384.63	NaN	1157.4	162.69	NaN
997.16	384.63	NaN	1157.4	162.69	NaN
997.16	384.63	NaN	1157.4	162.69	NaN
997.25	384.75	NaN	1157.4	162.97	NaN
997.33	385.05	NaN	1157.5	162.89	NaN
997.25	384.75	NaN	1157.4	163	NaN
997.25	384.75	NaN	1157.5	163.07	NaN
997.41	386	NaN	1157.2	167.56	NaN
997.53	385.79	NaN	1157.5	163.89	NaN
997.56	384.67	NaN	1158.2	165.09	NaN
998.41	385	NaN	1158.2	166.56	NaN
998.41	385	NaN	1158.1	166.97	NaN
998.84	383.88	NaN	1158.3	164.71	NaN
998.63	384.75	NaN	1157.4	168.49	NaN
998.63	384.75	NaN	1157.4	164.1	NaN
997.92	384.04	NaN	1157.9	165.69	NaN
998.12	384.44	NaN	1157.2	166.48	NaN
997.42	384.5	NaN	1156.9	166.54	NaN
997.87	383.13	NaN	1157.3	161.61	NaN
997.15	383.1	NaN	1156.4	165.74	NaN
996	383.5	NaN	1155	160.53	NaN
996.06	382.28	NaN	1155.2	162.39	NaN
995.5	380.68	NaN	1154.9	159.92	NaN
994.57	381.43	NaN	1154.2	160.77	NaN
995.41	382.95	NaN	1154.6	160.06	NaN
994.82	382.45	NaN	1154.5	162.58	NaN
996	383.62	NaN	1155	162.19	NaN
996.71	383.38	NaN	1155.6	162.02	NaN
996.14	383.55	NaN	1155.1	161.07	NaN
995.24	383.81	NaN	1155.2	164.4	NaN
995.84	383.53	NaN	1155	161.77	NaN
995.84	383.53	NaN	1155.1	161.14	NaN
996.27	384.08	NaN	1154.9	162.46	NaN
995.74	384	NaN	1154.6	161.06	NaN
995.88	383.29	NaN	1155.1	161.17	NaN
995.38	384.24	NaN	1154.9	160.33	NaN
994.96	383.39	NaN	1154.8	161.73	NaN
