440	0	1	677.363	574.513	1
441	0	1	678.16	573.883	1
442	0	1	678.411	574.629	1
443	0	1	678.89	574.46	1
444	0	1	680.071	573.811	1
445	0	1	681.29	573.583	1
446	0	1	682.834	572.503	1
447	0	1	683.959	572.703	1
448	0	1	683.946	572.773	1
449	0	1	684.996	571.402	1
450	0	1	686.22	569.556	1
451	0	1	688.706	567.786	1
452	0	1	689.464	565.525	1
453	0	1	687.638	565.214	1
454	0	1	689.523	564.394	1
455	0	1	690.821	559.751	1
456	0	1	692.741	557.118	1
457	0	1	695.863	551.261	1
458	0	1	695.612	546.686	1
459	0	1	698.568	548.616	1
460	0	1	703.046	545.922	1
461	0	1	702.923	545.487	1
462	0	1	703.898	546.901	1
463	0	1	703.832	545.563	1
464	0	1	706.076	541.68	1
465	0	1	706.471	540.255	1
466	0	1	707.79	540.539	1
467	0	1	709.618	541.978	1
468	0	1	709.764	541.838	1
469	0	1	709.771	541.489	1
470	0	1	709.419	540.62	1
471	0	1	710.195	540.657	1
472	0	1	710.938	539.523	1
473	0	1	711.111	539.382	1
474	0	1	711.736	539.69	1
475	0	1	710.489	539.027	1
476	0	1	711.015	539.369	1
477	0	1	711.083	539.577	1
478	0	1	710.616	539.361	1
479	0	1	711.166	539.781	1
480	0	1	711.84	539.258	1
481	0	1	711.437	539.134	1
482	0	1	712.676	540.23	1
483	0	1	712.424	539.784	1
484	0	1	712.797	539.792	1
485	0	1	712.524	539.664	1
486	0	1	711.278	538.829	1
487	0	1	711.963	539.157	1
488	0	1	712.358	539.721	1
489	0	1	711.341	538.61	1
490	0	1	711.91	538.838	1
491	0	1	711.611	538.46	1
492	0	1	711.463	538.391	1
493	0	1	711.298	537.904	1
494	0	1	711.372	537.861	1
495	0	1	711.662	537.278	1
496	0	1	712.64	537.267	1
497	0	1	712.327	537.083	1
498	0	1	712.412	537.196	1
499	0	1	713.019	537.443	1
500	0	1	713.047	537.453	0
501	0	1	713.434	533.285	1
502	0	1	716.254	530.676	1
503	0	1	716.478	527.624	1
504	0	1	717.239	525.177	1
505	0	1	717.558	524.275	1
506	0	1	718.52	522.334	1
507	0	1	717.942	520.134	1
508	0	1	717.388	519.577	1
509	0	1	716.615	519.418	1
510	0	1	716.459	519.055	1
511	0	1	715.516	518.679	1
512	0	1	715.352	518.318	1
513	0	1	714.856	518.123	1
514	0	1	714.572	518.345	1
515	0	1	714.394	517.9	1
516	0	1	714.816	517.505	1
517	0	1	715.119	517.213	1
518	0	1	714.941	517.168	1
519	0	1	714.975	517.072	1
520	0	1	714.786	516.963	1
521	0	1	715.939	517.691	1
522	0	1	717.305	516.091	1
523	0	1	717.303	513.325	1
524	0	1	717.645	512.778	1
525	0	1	718.41	511.808	1
526	0	1	719.489	510.44	1
527	0	1	717.576	509.823	1
528	0	1	718.57	509.393	1
529	0	1	719.644	508.577	1
530	0	1	718.988	508.767	1
531	0	1	718.846	507.202	1
616	0	2	760.337	444.005	1
617	0	2	758.148	441.673	1
618	0	2	755.646	440.217	1
619	0	2	756.194	440.776	1
620	0	2	755.312	440.592	1
621	0	2	754.899	439.38	1
622	0	2	755.418	440.164	1
623	0	2	754.971	439.863	1
624	0	2	755.132	440.062	1
625	0	2	755.589	440.162	1
626	0	2	755.293	439.87	1
627	0	2	755.271	439.855	0
628	0	2	753.954	438.778	1
629	0	2	754.004	436.558	1
630	0	2	753.118	435.958	1
631	0	2	752.672	436.347	1
632	0	2	752.262	436.499	1
633	0	2	751.198	435.873	1
634	0	2	751.11	435.324	1
635	0	2	750.661	435.807	1
636	0	2	749.979	434.546	1
637	0	2	750.117	434.843	1
638	0	2	750.043	434.514	1
639	0	2	749.052	433.019	1
640	0	2	749.271	432.664	1
641	0	2	748.171	432.799	1
642	0	2	748.886	432.811	1
643	0	2	749.343	432.888	1
644	0	2	748.896	433.589	1
645	0	2	748.048	433.792	1
646	0	2	748.318	432.36	1
647	0	2	747.91	432.897	1
648	0	2	748.012	432.164	1
649	0	2	749.278	430.757	1
650	0	2	750.077	430.015	1
651	0	2	751.497	428.733	1
652	0	2	752.26	428.441	1
653	0	2	750.143	427.671	1
654	0	2	750.239	426.703	1
655	0	2	750.283	426.664	0
656	0	2	750.359	426.31	1
657	0	2	750.756	426.352	1
658	0	2	752.648	427.026	1
659	0	2	753.356	426.629	1
660	0	2	752.979	424.901	1
661	0	2	751.452	424.293	1
662	0	2	751.376	424.287	0
663	0	2	749.786	423.99	1
664	0	2	750.192	423.772	1
665	0	2	747.893	422.81	1
666	0	2	745.03	420.835	1
667	0	2	744.92	420.744	0
668	0	2	742.677	419.794	1
669	0	2	743.937	418.11	1
670	0	2	743.915	417.718	1
671	0	2	745.433	416.961	1
672	0	2	749.583	415.684	1
673	0	2	749.682	414.592	1
674	0	2	748.034	413.839	1
675	0	2	746.917	412.656	1
676	0	2	748.139	412.714	1
677	0	2	751.922	411.598	1
678	0	2	751.718	410.188	1
679	0	2	751.471	409.094	1
680	0	2	752.261	407.749	1
681	0	2	748.785	405.005	1
682	0	2	747.112	403.657	1
683	0	2	747.493	401.225	1
684	0	2	746.307	398.927	1
685	0	2	746.172	397.445	1
686	0	2	747.671	397.654	1
687	0	2	747.481	397.652	1
688	0	2	745.131	397.002	1
689	0	2	745.622	396.037	1
690	0	2	747.313	395.88	1
691	0	2	748.331	394.951	1
692	0	2	748.622	393.481	1
693	0	2	750.48	392.252	1
694	0	2	750.343	389.893	1
695	0	2	751.235	386.949	1
696	0	2	748.846	386.595	1
697	0	2	748.13	385.039	1
698	0	2	750.416	383.907	1
699	0	2	750.903	381.503	1
700	0	2	749.41	379.071	1
701	0	2	750.103	379.015	1
702	0	2	750.084	376.752	1
703	0	2	748.991	375.74	1
704	0	2	747.966	376.328	1
705	0	2	747.968	374.352	1
706	0	2	748.165	372.637	1
707	0	2	747.55	370.578	1
708	0	2	746.799	368.638	1
709	0	2	746.598	368.453	1
710	0	2	745.882	367.424	1
711	0	2	747.014	367.063	1
712	0	2	748.482	365.138	1
713	0	2	747.674	364.965	1
714	0	2	748.935	364.697	1
715	0	2	748.894	364.249	1
716	0	2	747.982	363.784	1
717	0	2	747.481	363.562	1
718	0	2	747.918	362.698	1
719	0	2	748.001	361.508	1
720	0	2	747.603	360.893	1
721	0	2	748.608	360.043	1
722	0	2	746.162	357.014	1
723	0	2	746.467	356.939	1
724	0	2	746.277	356.338	1
728	0	3	744.928	355.819	1
729	0	3	743.685	355.437	1
730	0	3	744.615	356.03	1
731	0	3	744.156	355.959	1
732	0	3	744.593	356.111	1
733	0	3	744.804	356.038	1
734	0	3	743.642	355.691	1
735	0	3	743.524	355.076	1
736	0	3	742.604	354.732	1
737	0	3	742.621	353.683	1
738	0	3	743.717	354.57	1
739	0	3	745.747	354.784	1
740	0	3	745.747	354.849	1
741	0	3	745.467	354.52	1
742	0	3	745.662	353.993	1
743	0	3	744.956	354.188	1
744	0	3	745.246	353.792	1
745	0	3	745.579	354.338	1
746	0	3	745.578	353.826	1
747	0	3	745.911	354.106	1
748	0	3	746.105	354.911	1
749	0	3	747.321	353.966	1
750	0	3	749.223	352.837	1
751	0	3	750.489	351.064	1
752	0	3	750.759	350.543	1
753	0	3	750.928	350.201	1
754	0	3	751.525	349.496	1
755	0	3	751.859	349.292	1
756	0	3	752.297	349.584	1
757	0	3	752.155	349.285	1
758	0	3	752.022	349.215	1
759	0	3	751.568	348.669	1
760	0	3	751.815	348.178	1
761	0	3	751.955	348.173	1
762	0	3	752.089	348.417	1
763	0	3	751.603	348.08	1
764	0	3	752.042	348.073	1
765	0	3	751.987	346.989	1
766	0	3	751.742	346.75	1
767	0	3	751.364	346.948	1
768	0	3	751.962	347.012	1
769	0	3	752.201	346.957	1
770	0	3	752.053	347.2	1
771	0	3	751.996	347.244	1
772	0	3	752.28	347.231	1
773	0	3	752.553	347.75	1
774	0	3	752.561	347.74	1
775	0	3	752.479	347.741	1
776	0	3	753.276	348.341	1
777	0	3	753.344	348.44	1
778	0	3	753.857	348.267	1
779	0	3	753.462	348.656	1
780	0	3	753.113	348.223	1
781	0	3	754.948	348.185	1
782	0	3	755.514	347.893	1
783	0	3	756.295	347.967	1
784	0	3	756.976	347.837	1
785	0	3	756.534	347.647	1
786	0	3	757.155	347.657	1
787	0	3	756.342	347.722	1
788	0	3	756.923	348.356	1
789	0	3	757.048	347.804	1
790	0	3	756.848	347.676	1
791	0	3	756.868	347.851	1
792	0	3	756.88	347.859	1
793	0	3	757.739	347.885	1
794	0	3	758.176	347.795	1
795	0	3	758.475	347.36	1
796	0	3	758.697	346.868	1
797	0	3	758.441	346.818	1
798	0	3	758.488	347.701	1
799	0	3	758.821	347.119	1
800	0	3	758.735	347.146	1
801	0	3	758.569	347.254	1
802	0	3	758.615	346.996	1
803	0	3	758.383	347.076	1
804	0	3	758.445	347.393	1
805	0	3	758.958	346.976	1
806	0	3	759.819	347.306	1
807	0	3	759.978	347.229	1
808	0	3	760.125	347.344	1
809	0	3	759.882	347.691	1
810	0	3	760.059	348.133	1
811	0	3	760.143	348.493	1
812	0	3	760.467	348.048	1
813	0	3	761.104	348.966	1
814	0	3	761.292	349.844	1
815	0	3	761.191	350.167	1
816	0	3	760.901	349.203	1
817	0	3	761.828	348.002	1
818	0	3	762.349	347.437	1
819	0	3	763.574	349.499	1
820	0	3	764.429	349.884	1
821	0	3	766.224	350.675	1
822	0	3	767.003	351.155	1
823	0	3	767.369	350.699	1
824	0	3	768.786	351.467	1
825	0	3	769.94	350.886	1
826	0	3	771.004	350.964	1
827	0	3	771.581	351.021	1
828	0	3	772.23	350.166	1
829	0	3	772.312	350.404	1
830	0	3	772.81	350.541	1
831	0	3	772.648	350.376	1
832	0	3	773.109	351.179	1
833	0	3	773.154	351.815	1
834	0	3	773.631	351.953	1
873	0	4	789.783	343.442	1
874	0	4	788.562	343.06	1
875	0	4	788.598	343.412	1
876	0	4	788.34	343.275	1
877	0	4	788.061	344.07	1
878	0	4	788.157	344.455	1
879	0	4	788.167	344.231	1
880	0	4	788.308	344.389	1
881	0	4	788.342	344.421	1
882	0	4	788.688	344.768	1
883	0	4	788.862	344.05	1
884	0	4	789.276	344.734	1
885	0	4	789.329	345.749	1
886	0	4	788.825	347.024	1
887	0	4	788.797	350.248	1
888	0	4	789.161	350.815	1
889	0	4	790.304	348.854	1
890	0	4	790.974	351.295	1
891	0	4	789.825	353.572	1
892	0	4	789.658	353.61	1
893	0	4	790.211	355.523	1
894	0	4	789.971	355.925	1
895	0	4	792.293	354.901	1
896	0	4	792.129	355.718	1
897	0	4	791.546	356.471	1
898	0	4	792.493	356.924	1
899	0	4	793.888	358.327	1
900	0	4	794.046	360.065	1
901	0	4	795.885	361.486	1
902	0	4	797.463	363.654	1
903	0	4	797.985	364.088	1
904	0	4	798.265	364.381	1
905	0	4	797.669	365.305	1
906	0	4	797.765	365.052	1
907	0	4	799.06	364.577	1
908	0	4	799.179	364.942	1
909	0	4	799.238	365.017	1
910	0	4	799.326	365.429	1
911	0	4	799.7	365.747	1
912	0	4	800.246	366.264	1
913	0	4	800.598	366.233	1
914	0	4	801.225	366.05	1
915	0	4	801.193	366.189	1
916	0	4	800.729	366.363	1
917	0	4	801.251	366.087	1
918	0	4	801.474	365.513	1
919	0	4	802.209	364.744	1
920	0	4	802.82	363.611	1
921	0	4	802.699	363.577	1
922	0	4	802.712	363.802	1
923	0	4	802.745	363.987	1
924	0	4	802.714	363.909	1
925	0	4	802.565	363.983	1
926	0	4	802.669	363.592	1
927	0	4	802.361	363.714	1
928	0	4	802.638	363.902	1
929	0	4	802.811	363.572	1
930	0	4	802.679	363.862	1
931	0	4	802.663	363.916	1
932	0	4	802.672	363.892	1
933	0	4	802.801	363.746	1
934	0	4	802.813	363.732	1
935	0	4	802.805	363.741	1
936	0	4	802.664	364.068	1
937	0	4	802.737	363.86	1
938	0	4	803.263	364.02	1
939	0	4	803.419	363.913	1
940	0	4	804.725	365.007	1
941	0	4	806.348	366.187	1
942	0	4	807.678	367.053	1
943	0	4	810.748	366.851	1
944	0	4	812.36	366.588	1
945	0	4	812.106	367.271	1
946	0	4	814.391	366.126	1
947	0	4	814.887	367.097	1
948	0	4	816.515	365.401	1
949	0	4	817.837	365.893	1
950	0	4	817.82	365.342	1
951	0	4	818.183	364.767	1
952	0	4	818.953	364.329	1
953	0	4	818.987	364.309	0
954	0	4	819.698	365.163	1
955	0	4	819.769	365.28	1
956	0	4	819.961	365.912	1
957	0	4	821.363	365.755	1
958	0	4	821.942	365.783	1
959	0	4	822.293	365.879	1
960	0	4	823.556	365.555	1
961	0	4	824.02	365.738	1
962	0	4	823.985	366.2	1
963	0	4	824.154	366.638	1
964	0	4	825.022	366.684	1
965	0	4	826.248	367.672	1
966	0	4	826.981	368.454	1
967	0	4	828.045	368.882	1
968	0	4	829.928	368.776	1
969	0	4	829.614	369.418	1
970	0	4	829.774	369.658	1
971	0	4	829.473	369.728	1
972	0	4	829.827	370.215	1
973	0	4	829.745	369.983	1
974	0	4	829.07	370.252	1
975	0	4	831.019	370.42	1
976	0	4	829.69	371.628	1
977	0	4	829.233	372.476	1
978	0	4	833.21	372.694	1
979	0	4	834.857	374.384	1
980	0	4	834.742	375.246	1
981	0	4	835.08	374.281	1
982	0	4	835.468	374.194	1
983	0	4	835.037	374.161	1
984	0	4	835.09	374.301	1
985	0	4	835.21	374.26	1
986	0	4	835.614	374.13	1
987	0	4	835.792	374	1
988	0	4	836.047	374.088	1
989	0	4	836.644	374.399	1
990	0	4	836.861	374.376	1
991	0	4	837.49	374.038	1
992	0	4	838.188	374.552	1
993	0	4	839.077	375.458	1
994	0	4	839.438	375.725	1
995	0	4	840.064	376.375	1
996	0	4	840.144	375.928	1
997	0	4	839.416	375.678	1
998	0	4	840.582	375.227	1
999	0	4	840.123	375.47	1
1000	0	4	840.104	375.733	1
1001	0	4	840.506	375.779	1
1002	0	4	840.255	375.582	1
1003	0	4	840.027	375.693	1
1004	0	4	840.056	375.697	1
1005	0	4	840.505	375.209	1
1006	0	4	841.248	374.74	1
1007	0	4	841.317	374.737	1
1008	0	4	841.185	374.91	1
1009	0	4	841.869	374.798	1
1010	0	4	841.662	374.934	1
1011	0	4	841.73	374.868	1
1012	0	4	841.756	374.86	1
1013	0	4	841.736	374.944	1
1014	0	4	841.91	374.843	1
1015	0	4	842.26	374.609	1
1016	0	4	842.259	374.559	1
1017	0	4	842.239	374.568	1
1018	0	4	841.931	375.324	1
1019	0	4	842.222	375.71	1
1020	0	4	844.934	374.481	1
1021	0	4	846.472	375.01	1
1022	0	4	845.318	376.216	1
1023	0	4	844.909	376.101	1
1024	0	4	845.676	375.356	1
1025	0	4	845.217	376.834	1
1026	0	4	844.533	375.253	1
1027	0	4	845.48	374.233	1
1028	0	4	844.769	375.83	1
1029	0	4	844.872	375.318	1
1030	0	4	844.859	375.761	1
1031	0	4	845.031	376.001	1
1032	0	4	845.059	375.967	1
1033	0	4	845.098	375.635	1
1034	0	4	845.105	375.606	1
1035	0	4	844.949	375.764	1
1036	0	4	844.918	375.736	1
1037	0	4	845.104	375.778	1
1038	0	4	845.222	375.847	1
1039	0	4	845.046	375.708	1
1040	0	4	845.591	375.411	1
1041	0	4	845.733	375.857	1
1042	0	4	845.754	375.945	1
1043	0	4	845.833	375.93	1
1044	0	4	845.838	375.935	1
1045	0	4	845.833	375.935	1
1046	0	4	845.89	376.142	1
1047	0	4	846.381	375.575	1
1048	0	4	846.413	375.154	1
1049	0	4	846.844	375.652	1
1050	0	4	847.365	375.712	1
1051	0	4	847.539	375.243	1
1052	0	4	847.666	375.354	1
1053	0	4	847.717	375.301	1
1054	0	4	847.432	375.27	1
1055	0	4	847.318	375.025	1
1056	0	4	847.432	375.139	1
1057	0	4	847.53	374.821	1
1058	0	4	847.398	374.816	1
1059	0	4	847.604	374.558	1
1060	0	4	847.777	374.489	1
1061	0	4	848.682	374.154	1
1062	0	4	849.362	374.306	1
1063	0	4	850.758	375.756	1
1064	0	4	851.89	374.972	1
1065	0	4	853.178	373.753	1
1066	0	4	853.236	373.708	0
1067	0	4	853.411	374.021	1
1068	0	4	853.87	373.484	1
1069	0	4	854.826	373.555	1
1070	0	4	854.834	373.084	1
1071	0	4	854.775	373.228	1
1072	0	4	854.976	373.062	1
1073	0	4	855.271	372.774	1
1074	0	4	855.483	372.608	1
1075	0	4	854.913	372.818	1
1076	0	4	854.598	372.721	1
1077	0	4	855.43	373.091	1
1078	0	4	855.534	373.35	1
1079	0	4	855.689	373.464	1
1080	0	4	855.863	373.695	1
1081	0	4	856.307	373.341	1
1082	0	4	856.045	371.817	1
1083	0	4	856.732	371.944	1
1084	0	4	857.362	372.242	1
1085	0	4	857.916	371.861	1
1089	0	5	858.481	371.368	1
1090	0	5	857.983	371.032	1
1091	0	5	857.759	371.331	1
1092	0	5	857.891	371.183	1
1093	0	5	856.025	373.814	1
1094	0	5	855.238	374.49	1
1095	0	5	857.384	371.073	1
1096	0	5	857.05	372.006	1
1097	0	5	857.908	371.694	1
1098	0	5	858.041	369.522	1
1099	0	5	858.255	369.975	1
1100	0	5	857.927	370.194	1
1101	0	5	857.922	370.286	1
1102	0	5	858.348	370.126	1
1103	0	5	858.379	370.101	1
1104	0	5	857.45	371.163	1
1105	0	5	857.594	370.973	1
1106	0	5	857.658	370.771	1
1107	0	5	857.644	370.862	1
1108	0	5	857.774	370.746	1
1109	0	5	857.786	370.728	1
1110	0	5	858.066	370.549	1
1111	0	5	857.877	371.052	1
1112	0	5	857.812	371.202	1
1113	0	5	858.758	371.197	1
1114	0	5	858.615	369.934	1
1115	0	5	858.514	371.17	1
1116	0	5	856.262	374.074	1
1117	0	5	856.884	371.616	1
1118	0	5	857.179	372.591	1
1119	0	5	857.55	372.653	1
1120	0	5	857.078	371.851	1
1121	0	5	857.497	371.42	1
1122	0	5	857.29	371.721	1
1123	0	5	857.137	371.844	1
1124	0	5	857.363	371.623	1
1125	0	5	856.869	371.84	1
1126	0	5	856.707	371.978	1
1127	0	5	857.018	371.705	1
1128	0	5	856.979	371.978	1
1129	0	5	857.161	371.319	1
1130	0	5	856.982	371.458	1
1131	0	5	856.953	371.533	1
1132	0	5	857.434	371.458	1
1133	0	5	857.54	371.618	1
1134	0	5	857.687	371.551	1
1135	0	5	857.768	371.55	1
1136	0	5	857.71	371.258	1
1141	0	6	862.05	372.233	1
1142	0	6	862.254	372.122	1
1143	0	6	862.445	371.859	1
1144	0	6	862.187	370.941	1
1145	0	6	862.36	371.305	1
1146	0	6	862.329	371.483	1
1147	0	6	862.38	371.708	1
1148	0	6	862.343	372.107	1
1149	0	6	862.132	372.212	1
1150	0	6	862.116	372.199	1
1151	0	6	862.119	372.198	0
1152	0	6	862.53	372.838	1
1153	0	6	862.57	372.899	1
1154	0	6	862.699	373.21	1
1155	0	6	862.688	372.228	1
1156	0	6	862.756	373.033	1
1157	0	6	862.71	372.086	1
1158	0	6	863.274	372.897	1
1159	0	6	863.608	373.78	1
1160	0	6	863.814	373.836	1
1161	0	6	864.516	373.272	1
1162	0	6	864.551	373.243	0
1163	0	6	865.61	373.178	1
1164	0	6	865.806	373.141	1
1165	0	6	866.179	373.798	1
1166	0	6	865.79	372.993	1
1167	0	6	865.674	372.715	1
1168	0	6	866.062	373.348	1
1169	0	6	865.691	373.295	1
1170	0	6	865.473	372.864	1
1171	0	6	865.525	372.507	1
1172	0	6	865.535	372.498	1
1173	0	6	865.531	372.724	1
1174	0	6	865.464	372.446	1
1175	0	6	865.457	372.405	1
1176	0	6	865.462	372.426	1
1177	0	6	865.461	372.423	1
1178	0	6	865.494	372.455	1
1179	0	6	865.503	372.427	1
1180	0	6	865.496	372.3	1
1181	0	6	865.451	372.364	1
1182	0	6	865.447	372.378	1
1183	0	6	865.449	372.372	1
1184	0	6	865.449	372.373	1
1185	0	6	865.499	372.422	1
1186	0	6	865.535	372.689	1
1187	0	6	865.535	372.711	1
1188	0	6	865.534	372.695	1
1189	0	6	865.503	372.96	1
1190	0	6	865.525	372.98	1
1191	0	6	865.53	372.963	1
1192	0	6	865.528	372.966	1
1193	0	6	865.556	372.963	1
1194	0	6	865.623	372.96	1
1195	0	6	865.627	372.96	1
1196	0	6	865.623	372.96	1
1197	0	6	865.624	372.96	1
1198	0	6	865.624	372.96	1
1199	0	6	865.693	373.276	1
1200	0	6	866.014	373.625	1
1201	0	6	866.085	373.737	1
1202	0	6	866.017	373.775	1
1203	0	6	866.646	374.097	1
1204	0	6	866.844	374.192	1
1205	0	6	867.459	372.991	1
1206	0	6	868.608	373.814	1
1207	0	6	868.231	374.021	1
1208	0	6	868.193	374.001	1
1209	0	6	868.667	373.772	1
1210	0	6	868.996	374.136	1
1211	0	6	869.19	373.852	1
1212	0	6	869.251	373.689	1
1213	0	6	869.682	373.571	1
1214	0	6	870.146	373.765	1
1215	0	6	869.988	373.586	1
1216	0	6	870.563	374.399	1
1217	0	6	871.024	374.257	1
1218	0	6	871.891	374.454	1
1219	0	6	872.053	374.439	1
1220	0	6	873.157	374.053	1
1221	0	6	873.629	373.427	1
1222	0	6	874.234	374.26	1
1223	0	6	874.645	375.075	1
1224	0	6	875.036	374.78	1
1225	0	6	874.74	374.351	1
1226	0	6	875.463	373.127	1
1227	0	6	875.172	372.593	1
1228	0	6	874.871	372.932	1
1229	0	6	874.875	372.85	1
1230	0	6	875.178	372.935	1
1231	0	6	875.174	372.912	1
1232	0	6	875.404	373.083	1
1233	0	6	875.486	373.618	1
1234	0	6	876.543	373.641	1
1235	0	6	876.771	374.019	1
1236	0	6	876.867	373.896	1
1237	0	6	877.746	374.238	1
1238	0	6	877.986	373.81	1
1239	0	6	877.388	374.372	1
1240	0	6	877.379	374.277	1
1241	0	6	877.205	373.961	1
1242	0	6	877.279	374.363	1
1243	0	6	877.235	374.537	1
1244	0	6	877.363	374.526	1
1245	0	6	877.395	374.358	1
1246	0	6	878.253	373.501	1
1247	0	6	878.477	373.397	1
1248	0	6	877.403	373.985	1
1249	0	6	877.304	374.03	1
1250	0	6	877.318	374.023	0
1254	0	7	879.426	373.162	1
1255	0	7	879.281	373.254	1
1256	0	7	879.579	373.076	1
1257	0	7	879.408	373.187	1
1258	0	7	877.677	374.556	1
1259	0	7	877.614	374.809	1
1260	0	7	877.795	374.918	1
1261	0	7	878.147	374.938	1
1262	0	7	878.492	374.757	1
1263	0	7	878.295	374.709	1
1264	0	7	878.259	374.716	1
1265	0	7	878.216	374.947	1
1266	0	7	878.266	375.164	1
1267	0	7	878.62	374.812	1
1268	0	7	878.93	374.271	1
1269	0	7	878.784	374.34	1
1270	0	7	879.686	374.367	1
1271	0	7	881.507	374.246	1
1272	0	7	882.312	374.732	1
1273	0	7	883.202	374.503	1
1274	0	7	884.81	375.415	1
1275	0	7	884.413	376.36	1
1276	0	7	884.965	374.338	1
1277	0	7	884.77	374.497	1
1278	0	7	884.872	373.911	1
1279	0	7	884.576	375.738	1
1280	0	7	884.995	375.611	1
1281	0	7	885.277	376.113	1
1282	0	7	885.274	375.871	1
1283	0	7	885.239	375.2	1
1284	0	7	885.238	375.171	1
1285	0	7	885.499	375.577	1
1286	0	7	885.42	375.71	1
1287	0	7	885.634	374.931	1
1288	0	7	885.882	375.17	1
1289	0	7	886.653	375.369	1
1290	0	7	887.074	375.595	1
1291	0	7	886.977	375.05	1
1292	0	7	887.169	375.174	1
1293	0	7	887.647	375.542	1
1294	0	7	888.353	376.163	1
1295	0	7	888.589	376.231	1
1296	0	7	888.447	375.666	1
1297	0	7	888.623	375.107	1
1298	0	7	888.715	375.028	1
1299	0	7	888.424	374.438	1
1300	0	7	888.532	374.444	1
1301	0	7	888.43	374.942	1
1302	0	7	888.337	375.103	1
1303	0	7	888.305	375.234	1
1304	0	7	888.27	375.263	1
1305	0	7	888.292	375.25	1
1306	0	7	888.383	376.109	1
1307	0	7	889.173	376.236	1
1330	0	8	893.75	379.615	1
1331	0	8	893.984	379.363	1
1332	0	8	893.971	379.217	1
1333	0	8	893.791	379.359	1
1334	0	8	893.95	379.402	1
1335	0	8	893.978	379.393	1
1336	0	8	893.965	379.394	1
1337	0	8	894.097	379.431	1
1338	0	8	894.342	379.298	1
1339	0	8	894.356	379.282	1
1340	0	8	894.247	379.408	1
1341	0	8	894.229	379.597	1
1342	0	8	894.275	379.635	1
1343	0	8	894.554	379.423	1
1344	0	8	894.494	380.159	1
1345	0	8	894.843	379.854	1
1346	0	8	894.856	379.946	1
1347	0	8	894.478	380.249	1
1348	0	8	894.391	380.314	1
1349	0	8	895.016	379.465	1
1350	0	8	895.304	379.016	1
1351	0	8	894.923	379.735	1
1352	0	8	895.392	379.711	1
1353	0	8	895.341	379.819	1
1354	0	8	895.252	379.9	1
1355	0	8	895.149	379.941	1
1356	0	8	895.113	380.047	1
1357	0	8	895.132	379.94	1
1358	0	8	895.167	379.659	1
1359	0	8	895.216	379.643	1
1360	0	8	895.242	379.885	1
1361	0	8	895.257	379.665	1
1362	0	8	895.129	380.03	1
1363	0	8	895.116	380.086	1
1364	0	8	895.222	380.048	1
1365	0	8	895.259	380.019	1
1366	0	8	895.265	380.21	1
1367	0	8	895.299	379.876	1
1368	0	8	894.926	380.109	1
1369	0	8	894.663	379.721	1
1370	0	8	894.737	379.662	1
1371	0	8	894.562	379.865	1
1372	0	8	894.378	379.808	1
1373	0	8	894.433	380.006	1
1374	0	8	894.446	380.033	1
1375	0	8	894.441	380.019	1
1376	0	8	894.365	380.002	1
1377	0	8	894.285	379.789	1
1378	0	8	894.154	380.174	1
1379	0	8	894.145	380.226	1
1380	0	8	894.153	380.198	1
1381	0	8	894.151	380.202	1
1382	0	8	894.151	380.202	1
1383	0	8	894.151	380.202	1
1384	0	8	894.151	380.202	1
1385	0	8	894.163	380.321	1
1386	0	8	894.164	380.332	1
1387	0	8	894.163	380.325	1
1388	0	8	894.164	380.326	1
1389	0	8	894.164	380.326	1
1390	0	8	894.164	380.326	1
1391	0	8	894.164	380.326	1
1392	0	8	894.3	380.123	1
1393	0	8	894.313	380.104	1
1394	0	8	894.304	380.117	1
1395	0	8	894.306	380.115	1
1396	0	8	894.306	380.115	1
1397	0	8	894.306	380.115	1
1398	0	8	894.306	380.115	1
1399	0	8	894.306	380.115	1
1400	0	8	894.306	380.115	1
1401	0	8	894.306	380.115	1
1402	0	8	894.306	380.115	1
1403	0	8	894.306	380.115	1
1404	0	8	894.306	380.115	1
1405	0	8	894.306	380.115	1
1406	0	8	894.306	380.115	1
1407	0	8	894.306	380.115	1
1408	0	8	894.306	380.115	1
1409	0	8	894.306	380.115	1
1410	0	8	894.338	379.89	1
1411	0	8	894.341	379.868	1
1412	0	8	894.307	380.107	1
1413	0	8	894.363	379.689	1
1414	0	8	894.373	379.645	1
1415	0	8	894.418	379.677	1
1416	0	8	894.374	379.671	1
1417	0	8	894.366	379.67	1
1418	0	8	894.37	379.671	1
1419	0	8	894.369	379.671	1
1420	0	8	894.369	379.671	1
1421	0	8	894.369	379.671	1
1422	0	8	894.369	379.671	1
1423	0	8	894.369	379.671	1
1424	0	8	894.369	379.671	1
1425	0	8	894.448	379.932	1
1426	0	8	894.456	379.957	1
1427	0	8	894.451	379.941	1
1428	0	8	894.452	379.943	1
1429	0	8	894.452	379.943	1
1430	0	8	894.452	379.943	1
1431	0	8	894.452	379.943	1
1432	0	8	894.417	380.198	1
1433	0	8	894.485	380.012	1
1434	0	8	894.494	379.976	1
1435	0	8	894.49	379.992	1
1436	0	8	894.49	379.99	1
1437	0	8	894.49	379.99	1
1438	0	8	894.49	379.99	1
1439	0	8	894.49	379.99	1
1440	0	8	894.722	379.821	1
1441	0	8	894.744	379.805	1
1442	0	8	894.729	379.815	1
1443	0	8	894.732	379.814	1
1444	0	8	894.732	379.813	1
1445	0	8	894.732	379.814	1
1446	0	8	894.732	379.814	1
1447	0	8	894.732	379.814	1
1448	0	8	894.732	379.814	1
1449	0	8	894.732	379.814	1
1450	0	8	894.732	379.814	1
1451	0	8	894.732	379.814	1
1452	0	8	894.732	379.814	1
1453	0	8	894.763	379.819	1
1454	0	8	894.812	379.848	1
1455	0	8	894.815	379.85	1
1456	0	8	894.735	379.815	1
1457	0	8	894.728	379.812	1
1458	0	8	894.733	379.814	1
1459	0	8	894.732	379.814	1
1460	0	8	894.732	379.814	1
1461	0	8	894.763	379.819	1
1462	0	8	894.766	379.82	1
1463	0	8	894.764	379.819	1
1464	0	8	894.733	379.814	1
1465	0	8	894.801	380.199	1
1466	0	8	894.81	380.236	1
1467	0	8	894.504	380.36	1
1468	0	8	894.746	380.223	1
1469	0	8	894.822	380.206	1
1470	0	8	894.805	380.218	1
1471	0	8	894.805	380.216	1
1472	0	8	894.806	380.216	1
1473	0	8	894.504	380.364	1
1474	0	8	894.475	380.379	1
1475	0	8	894.494	380.369	1
1476	0	8	894.793	380.222	1
1477	0	8	894.822	380.208	1
1478	0	8	894.803	380.217	1
1479	0	8	894.806	380.216	1
1480	0	8	894.806	380.216	1
1481	0	8	894.836	380.222	1
1482	0	8	894.778	380.21	1
1483	0	8	894.801	380.214	1
1484	0	8	894.777	380.209	1
1485	0	8	894.772	380.208	1
1486	0	8	894.774	380.209	1
1487	0	8	894.774	380.209	1
1488	0	8	894.491	379.764	1
1489	0	8	894.472	379.778	1
1490	0	8	894.491	379.811	1
1491	0	8	894.341	380.122	1
1492	0	8	894.159	380.175	1
1493	0	8	894.214	379.853	1
1494	0	8	894.234	380.365	1
1495	0	8	894.216	380.622	1
1496	0	8	894.158	380.412	1
1497	0	8	894.005	379.902	1
1498	0	8	894.114	379.702	1
1499	0	8	894.205	379.61	1
1500	0	8	894.29	379.28	1
1501	0	8	894.62	378.845	1
1502	0	8	894.771	378.753	1
1503	0	8	894.746	378.743	1
1504	0	8	894.569	378.729	1
1505	0	8	894.555	378.729	1
1506	0	8	894.462	378.795	1
1507	0	8	894.53	378.828	1
1508	0	8	894.544	378.826	1
1509	0	8	894.421	378.987	1
1510	0	8	894.41	379.003	1
1511	0	8	894.392	379.047	1
1512	0	8	894.424	379.05	1
1513	0	8	894.393	379.05	1
1514	0	8	894.305	379.032	1
1515	0	8	894.144	378.413	1
1516	0	8	894.134	378.355	1
1517	0	8	894.093	378.438	1
1518	0	8	894.329	378.758	1
1519	0	8	894.39	378.922	1
1520	0	8	894.332	379.105	1
1521	0	8	894.34	378.895	1
1522	0	8	894.307	379.025	1
1523	0	8	894.268	379.041	1
1524	0	8	894.262	378.98	1
1525	0	8	894.263	378.978	1
1526	0	8	894.263	378.981	1
1527	0	8	894.263	378.981	1
1528	0	8	894.263	378.981	1
1529	0	8	894.031	379.102	1
1530	0	8	894.008	379.114	1
1531	0	8	894.023	379.106	1
1532	0	8	894.253	378.986	1
1533	0	8	894.185	378.965	1
1534	0	8	894.25	379.138	1
1535	0	8	894.267	379.154	1
1536	0	8	894.025	379.172	1
1537	0	8	894.004	379.176	1
1538	0	8	894.113	379.23	1
1539	0	8	894.189	379.478	1
1540	0	8	894.189	379.498	1
1541	0	8	894.245	379.492	1
1542	0	8	894.252	379.495	1
1543	0	8	894.27	379.467	1
1544	0	8	894.273	379.464	1
1545	0	8	894.28	379.389	1
1546	0	8	894.258	379.402	1
1547	0	8	894.256	379.409	1
1548	0	8	894.257	379.407	1
1549	0	8	894.257	379.407	1
1550	0	8	894.257	379.407	1
1551	0	8	894.257	379.407	1
1552	0	8	894.257	379.407	1
1553	0	8	894.257	379.407	1
1554	0	8	894.114	379.358	1
1555	0	8	894.108	379.413	1
1556	0	8	894.174	379.426	1
1557	0	8	894.049	379.386	1
1558	0	8	894.033	379.383	1
1559	0	8	894.042	379.385	1
1560	0	8	894.105	379.392	1
1561	0	8	894.046	379.385	1
1562	0	8	894.036	379.384	1
1563	0	8	894.061	379.348	1
1564	0	8	894.178	379.359	1
1565	0	8	894.093	379.318	1
1566	0	8	894.056	379.342	1
1567	0	8	894.062	379.348	1
1568	0	8	894.135	379.427	1
1569	0	8	893.845	379.234	1
1570	0	8	893.821	379.586	1
1571	0	8	893.706	379.637	1
1572	0	8	893.606	379.9	1
1573	0	8	893.592	379.862	1
1574	0	8	893.674	379.387	1
1575	0	8	893.649	379.366	1
1576	0	8	893.705	379.403	1
1577	0	8	893.65	379.39	1
1578	0	8	893.653	379.444	1
1579	0	8	893.659	379.45	1
1580	0	8	893.722	379.454	1
1581	0	8	893.664	379.448	1
1582	0	8	893.654	379.446	1
1583	0	8	893.723	379.455	1
1584	0	8	893.57	379.322	1
1585	0	8	893.563	379.369	1
1586	0	8	893.473	379.706	1
1587	0	8	893.462	379.885	1
1588	0	8	893.44	379.874	1
1589	0	8	893.468	379.951	1
1590	0	8	893.612	379.947	1
1591	0	8	893.823	380.194	1
1592	0	8	893.802	380.212	1
1593	0	8	893.849	380.278	1
1594	0	8	893.828	380.283	1
1595	0	8	893.821	380.277	1
1596	0	8	893.791	380.27	1
1597	0	8	893.82	380.277	1
1598	0	8	893.825	380.279	1
1599	0	8	893.823	380.278	1
1600	0	8	893.761	380.195	1
1601	0	8	893.547	379.908	1
1602	0	8	893.249	380.275	1
1603	0	8	893.191	380.187	1
1604	0	8	893.203	380.146	1
1605	0	8	893.23	380.183	1
1606	0	8	893.383	380.142	1
1607	0	8	893.396	380.136	1
1608	0	8	893.305	379.956	1
1609	0	8	893.281	379.598	1
1610	0	8	893.39	379.491	1
1611	0	8	893.367	379.547	1
1612	0	8	893.393	379.566	1
1613	0	8	893.4	379.563	1
1614	0	8	893.397	379.563	1
1615	0	8	893.397	379.563	1
1616	0	8	893.397	379.563	1
1617	0	8	893.397	379.563	1
1618	0	8	893.443	379.443	1
1619	0	8	893.432	379.804	1
1620	0	8	893.462	379.858	1
1621	0	8	893.432	379.824	1
1622	0	8	893.298	379.477	1
1623	0	8	893.113	379.722	1
1624	0	8	893.029	379.697	1
1625	0	8	893.006	379.834	1
1626	0	8	893.089	379.639	1
1627	0	8	893.109	379.514	1
1628	0	8	893.105	379.521	1
1629	0	8	893.105	379.524	1
1630	0	8	893.153	379.671	1
1631	0	8	893.205	379.972	1
1632	0	8	893.398	380.163	1
1633	0	8	893.463	379.941	1
1634	0	8	893.592	379.7	1
1635	0	8	893.604	379.695	1
1636	0	8	893.596	379.706	1
1637	0	8	893.598	379.704	1
1638	0	8	893.598	379.704	1
1639	0	8	893.461	379.916	1
1640	0	8	893.166	379.924	1
1641	0	8	893.185	379.967	1
1642	0	8	893.205	379.975	1
1643	0	8	893.2	379.972	1
1644	0	8	893.2	379.972	1
1645	0	8	893.402	379.57	1
1646	0	8	893.445	379.666	1
1647	0	8	893.439	379.463	1
1648	0	8	893.338	379.377	1
1649	0	8	893.328	379.388	1
1650	0	8	893.357	379.424	1
1651	0	8	893.358	379.427	1
1652	0	8	893.357	379.425	1
1653	0	8	893.407	379.455	1
1654	0	8	893.412	379.457	1
1655	0	8	893.409	379.456	1
1656	0	8	893.41	379.456	1
1657	0	8	893.41	379.456	1
1658	0	8	893.406	379.693	1
1659	0	8	893.157	379.772	1
1660	0	8	893.059	379.767	1
1661	0	8	893.095	379.641	1
1662	0	8	893.1	379.629	1
1663	0	8	893.098	379.637	1
1664	0	8	893.07	379.761	1
1665	0	8	893.129	379.755	1
1666	0	8	893.301	379.677	1
1667	0	8	893.284	379.804	1
1668	0	8	893.297	380.037	1
1669	0	8	893.378	379.652	1
1670	0	8	893.384	379.601	1
1671	0	8	893.379	379.629	1
1672	0	8	893.38	379.624	1
1673	0	8	893.48	379.524	1
1674	0	8	893.459	379.591	1
1675	0	8	893.45	379.66	1
1676	0	8	893.453	379.66	1
1677	0	8	893.458	379.409	1
1678	0	8	893.458	379.326	1
1679	0	8	893.532	379.933	1
1680	0	8	893.66	379.958	1
1681	0	8	893.666	379.916	1
1682	0	8	893.66	379.925	1
1683	0	8	893.661	379.925	1
1684	0	8	893.661	379.924	1
1685	0	8	893.661	379.924	1
1686	0	8	893.661	379.924	1
1687	0	8	893.661	379.924	1
1688	0	8	893.661	379.924	1
1689	0	8	893.596	380.06	1
1690	0	8	893.59	380.073	1
1691	0	8	893.594	380.064	1
1692	0	8	893.624	380.072	1
1693	0	8	893.503	380.041	1
1694	0	8	893.49	380.038	1
1695	0	8	893.498	380.04	1
1696	0	8	893.496	380.04	1
1697	0	8	893.496	380.04	1
1698	0	8	893.501	380.099	1
1699	0	8	893.467	380.065	1
1700	0	8	893.464	380.057	1
1701	0	8	893.529	380.074	1
1702	0	8	893.44	380.119	1
1703	0	8	893.427	380.123	1
1704	0	8	893.434	380.12	1
1705	0	8	893.422	379.555	1
1706	0	8	893.427	379.575	1
1707	0	8	893.428	379.586	0
1708	0	8	893.404	379.491	1
1709	0	8	893.203	380.58	1
1710	0	8	893.186	380.69	1
1711	0	8	893.198	380.62	1
1712	0	8	893.196	380.631	1
1713	0	8	893.095	380.041	1
1714	0	8	893.085	379.983	1
1715	0	8	893.092	380.021	1
1716	0	8	893.172	380.712	1
1717	0	8	893.145	380.842	1
1718	0	8	893.13	380.84	1
1719	0	8	893.132	380.847	1
1720	0	8	893.127	380.689	1
1721	0	8	893.115	380.625	1
1722	0	8	893.104	380.58	1
1723	0	8	893.104	380.576	1
1724	0	8	893.112	380.686	1
1725	0	8	893.095	380.85	1
1726	0	8	893.093	380.858	1
1727	0	8	893.094	380.85	1
1728	0	8	893.043	380.545	1
1729	0	8	893.039	380.516	1
1730	0	8	893.042	380.535	1
1731	0	8	893.044	380.69	1
1732	0	8	893.044	380.705	1
1733	0	8	893.044	380.695	1
1734	0	8	893.044	380.696	1
1735	0	8	893.027	380.862	1
1736	0	8	893.025	380.878	1
1737	0	8	893.029	381.029	1
1738	0	8	893.033	381.159	1
1739	0	8	893.036	381.213	1
1740	0	8	893.058	381.246	1
1741	0	8	893.146	381.308	1
1742	0	8	893.133	381.193	1
1743	0	8	892.868	381.073	1
1744	0	8	892.845	381.072	1
1745	0	8	892.926	380.942	1
1746	0	8	892.927	380.878	1
1747	0	8	892.821	380.953	1
1748	0	8	892.807	380.812	1
1749	0	8	892.759	380.423	1
1750	0	8	892.712	380.632	1
1751	0	8	892.885	380.068	1
1752	0	8	892.94	380.228	1
1753	0	8	892.94	380.249	0
1754	0	8	892.93	379.935	1
1755	0	8	892.929	379.92	0
1762	0	9	892.439	379.492	1
1763	0	9	892.241	379.401	1
1764	0	9	892.251	379.695	1
1765	0	9	892.411	379.5	1
1766	0	9	892.48	379.395	1
1767	0	9	892.521	379.605	1
1768	0	9	892.523	379.627	1
1769	0	9	892.551	379.674	1
1770	0	9	892.407	379.801	1
1771	0	9	892.316	379.569	1
1772	0	9	892.318	379.539	1
1773	0	9	892.322	379.555	1
1774	0	9	892.352	379.709	1
1775	0	9	892.355	379.723	1
1776	0	9	892.339	379.748	1
1777	0	9	892.339	379.753	1
1778	0	9	892.178	379.663	1
1779	0	9	892.162	379.654	1
1780	0	9	892.08	379.57	1
1781	0	9	892.162	379.65	1
1782	0	9	892.176	379.665	1
1783	0	9	892.181	379.594	1
1784	0	9	892.373	379.738	1
1785	0	9	892.234	380.17	1
1786	0	9	892.121	380.236	1
1787	0	9	892.125	380.215	1
1788	0	9	892.129	380.217	1
1789	0	9	892.182	380.297	1
1790	0	9	892.188	380.304	1
1791	0	9	892.184	380.299	1
1792	0	9	892.185	380.3	1
1793	0	9	892.061	380.199	1
1794	0	9	891.929	379.732	1
1795	0	9	892.021	380.034	1
1796	0	9	892.146	380.199	1
1797	0	9	892.227	380.249	1
1798	0	9	892.097	380.292	1
1799	0	9	891.969	380.344	1
1800	0	9	891.967	380.347	1
1801	0	9	891.87	380.295	1
1802	0	9	891.859	380.291	1
1803	0	9	891.865	380.294	1
1804	0	9	891.864	380.293	1
1805	0	9	891.864	380.293	1
1806	0	9	891.868	380.578	1
1807	0	9	891.804	380.574	1
1808	0	9	891.885	380.597	1
1809	0	9	891.916	380.518	1
1810	0	9	891.866	380.51	1
1811	0	9	891.952	380.415	1
1812	0	9	891.876	380.482	1
1813	0	9	892.013	380.354	1
1814	0	9	892.1	380.312	1
1815	0	9	892.109	380.504	1
1816	0	9	892.107	380.522	1
1817	0	9	892.14	380.295	1
1818	0	9	892.075	380.29	1
1819	0	9	892.051	380.435	1
1820	0	9	892.083	380.452	1
1821	0	9	891.969	380.386	1
1822	0	9	892.096	380.477	1
1823	0	9	892.083	380.51	1
1824	0	9	891.981	380.535	1
1825	0	9	891.911	380.529	1
1826	0	9	891.91	380.527	1
1827	0	9	891.913	380.528	1
1828	0	9	891.913	380.527	1
1829	0	9	891.917	380.656	1
1830	0	9	891.978	380.548	1
1831	0	9	891.986	380.658	1
1832	0	9	891.98	380.55	1
1833	0	9	891.933	380.49	1
1834	0	9	891.613	380.929	1
1835	0	9	891.804	380.847	1
1836	0	9	892.101	380.759	1
1837	0	9	892.003	380.746	1
1838	0	9	892.149	380.685	1
1839	0	9	892.175	380.803	1
1840	0	9	892.163	380.819	1
1841	0	9	892.165	380.81	1
1842	0	9	892.181	380.89	1
1843	0	9	892.13	380.904	1
1844	0	9	892.384	380.963	1
1845	0	9	892.384	380.964	1
1846	0	9	892.169	380.972	1
1847	0	9	892.155	380.975	1
1848	0	9	892.167	380.974	1
1849	0	9	892.36	380.961	1
1850	0	9	892.407	380.965	1
1851	0	9	892.113	380.857	1
1852	0	9	891.9	381.384	1
1853	0	9	891.946	380.876	1
1854	0	9	891.981	380.874	1
1855	0	9	891.978	380.924	1
1856	0	9	891.977	380.913	1
1857	0	9	891.978	380.913	1
1858	0	9	892.351	380.837	1
1859	0	9	892.387	380.83	1
1860	0	9	892.364	380.835	1
1861	0	9	892.445	380.85	1
1862	0	9	892.508	380.956	1
1863	0	9	892.508	380.965	1
1864	0	9	892.505	380.959	1
1865	0	9	892.506	380.96	1
1866	0	9	892.506	380.96	1
1867	0	9	892.506	380.96	1
1868	0	9	892.506	380.96	1
1869	0	9	892.506	380.96	1
1870	0	9	892.506	380.96	1
1871	0	9	892.506	380.96	1
1872	0	9	892.381	381.254	1
1873	0	9	892.369	381.282	1
1874	0	9	892.164	381.13	1
1875	0	9	892.118	380.989	1
1876	0	9	891.989	381.016	1
1877	0	9	891.975	381.026	1
1878	0	9	891.984	381.022	1
1879	0	9	892.065	381.009	1
1880	0	9	892.229	380.925	1
1881	0	9	892.27	380.941	1
1882	0	9	892.401	380.975	1
1883	0	9	892.44	381.017	1
1884	0	9	892.402	381.027	1
1885	0	9	892.399	381.026	1
1886	0	9	892.392	381.073	1
1887	0	9	891.926	381.099	1
1888	0	9	891.882	381.098	1
1889	0	9	891.886	381.424	1
1890	0	9	891.879	381.456	1
1891	0	9	891.881	381.435	1
1892	0	9	892.391	381.384	1
1893	0	9	892.326	381.407	1
1894	0	9	892.2	381.407	1
1895	0	9	892.27	381.211	1
1896	0	9	892.28	381.194	1
1897	0	9	892.309	381.171	1
1898	0	9	892.313	381.166	1
1899	0	9	892.242	380.85	1
1900	0	9	892.204	381.379	1
1901	0	9	892.205	381.452	1
1902	0	9	892.054	381.574	1
1903	0	9	892.307	381.525	1
1904	0	9	892.342	381.508	1
1905	0	9	892.454	381.538	1
1906	0	9	892.406	381.716	1
1907	0	9	892.392	381.731	1
1908	0	9	892.397	381.721	1
1909	0	9	892.288	381.661	1
2002	0	10	894.553	380.224	1
2003	0	10	894.553	380.224	1
2004	0	10	894.553	380.224	1
2005	0	10	894.553	380.224	1
2006	0	10	894.474	380.267	1
2007	0	10	894.466	380.272	1
2008	0	10	894.471	380.269	1
2009	0	10	894.471	380.269	1
2010	0	10	894.471	380.269	1
2011	0	10	894.471	380.269	1
2012	0	10	894.471	380.269	1
2013	0	10	894.674	380.021	1
2014	0	10	894.693	379.997	1
2015	0	10	894.68	380.013	1
2016	0	10	894.667	380.046	1
2017	0	10	894.726	380.032	1
2018	0	10	894.733	380.028	1
2019	0	10	894.653	380.071	1
2020	0	10	894.706	380.057	1
2021	0	10	895.011	378.466	1
2022	0	10	895.006	378.198	1
2023	0	10	895.014	378.299	1
2024	0	10	894.953	378.421	1
2025	0	10	894.886	378.448	1
2026	0	10	894.885	378.442	1
2027	0	10	894.888	378.442	1
2028	0	10	894.824	378.452	1
2029	0	10	894.9	378.358	1
2030	0	10	894.968	378.349	1
2031	0	10	895.089	378.338	1
2032	0	10	895.183	378.44	1
2033	0	10	895.031	378.41	1
2034	0	10	895.012	378.399	1
2035	0	10	895.023	378.403	1
2036	0	10	894.599	378.477	1
2037	0	10	894.446	380.224	1
2038	0	10	894.409	380.404	1
2039	0	10	894.459	380.279	1
2040	0	10	894.461	380.36	1
2041	0	10	894.456	380.367	1
2042	0	10	894.457	380.362	1
2043	0	10	894.457	380.363	1
2044	0	10	894.457	380.363	1
2045	0	10	894.474	380.464	1
2046	0	10	894.475	380.474	1
2047	0	10	894.474	380.467	1
2048	0	10	894.527	380.434	1
2049	0	10	894.515	380.316	1
2050	0	10	894.531	380.079	1
2051	0	10	894.535	380.064	1
2052	0	10	894.754	379.908	1
2053	0	10	894.736	379.899	1
2054	0	10	894.732	379.903	1
2055	0	10	894.842	379.87	1
2056	0	10	894.851	379.868	1
2057	0	10	895.12	379.013	1
2058	0	10	894.991	379.034	1
2059	0	10	895.08	378.745	1
2060	0	10	895.305	378.676	1
2061	0	10	895.017	378.631	1
2062	0	10	895.146	378.606	1
2063	0	10	895.183	378.608	1
2064	0	10	895.228	379.072	1
2065	0	10	895.192	379.134	1
2066	0	10	895.16	379.13	1
2067	0	10	895.161	379.136	1
2068	0	10	895.276	379.123	1
2069	0	10	895.113	379.013	1
2070	0	10	895.262	379.112	1
2071	0	10	895.291	379.129	1
2072	0	10	895.278	379.121	1
2073	0	10	895.28	379.122	1
2074	0	10	895.28	379.122	1
2075	0	10	895.28	379.122	1
2076	0	10	895.28	379.122	1
2077	0	10	895.416	379.047	1
2078	0	10	895.376	379.208	1
2079	0	10	895.363	379.229	1
2080	0	10	895.367	379.218	1
2081	0	10	895.134	379.254	1
2082	0	10	895.111	379.258	1
2083	0	10	895.456	379.192	1
2084	0	10	895.485	379.187	1
2085	0	10	895.464	379.191	1
2086	0	10	895.179	379.138	1
2087	0	10	895.151	379.133	1
2088	0	10	895.147	379.148	1
2089	0	10	895.142	379.148	1
2090	0	10	895.144	379.148	1
2091	0	10	895.143	379.148	1
2092	0	10	895.143	379.148	1
2093	0	10	895.284	379.26	1
2094	0	10	895.298	379.27	1
2095	0	10	895.33	379.28	1
2096	0	10	895.456	379.26	1
2097	0	10	894.349	379.076	1
2098	0	10	893.873	380.04	1
2099	0	10	894.129	384.797	1
2100	0	10	898.27	383.982	1
2101	0	10	899.631	382.218	1
2102	0	10	898.916	385.502	1
2103	0	10	899.139	387.298	1
2104	0	10	899.765	387.111	1
2105	0	10	900.786	387.104	1
2106	0	10	907.475	389.044	1
2110	0	11	917.986	387.917	1
2111	0	11	925.02	388.986	1
2112	0	11	924.788	384.955	1
2113	0	11	925.34	385.296	1
2114	0	11	924.991	384.866	1
2115	0	11	924.974	385.346	1
2116	0	11	925.868	384.855	1
2117	0	11	925.732	384.647	1
2118	0	11	925.533	384.877	1
2119	0	11	925.43	384.819	1
2120	0	11	925.018	384.38	1
2121	0	11	924.556	384.979	1
2122	0	11	924.782	386.049	1
2123	0	11	924.383	384.891	1
2124	0	11	925.174	385.441	1
2125	0	11	925.123	385.325	1
2126	0	11	924.721	384.772	1
2127	0	11	924.58	384.819	1
2128	0	11	924.527	385.002	1
2129	0	11	924.612	384.839	1
2130	0	11	924.871	385.531	1
2131	0	11	924.941	386.111	1
2132	0	11	924.952	385.544	1
2133	0	11	925.161	384.664	1
2134	0	11	924.807	384.536	1
2135	0	11	924.9	384.499	1
2136	0	11	925.117	384.694	1
2137	0	11	925.298	384.71	1
2138	0	11	925.406	384.834	1
2139	0	11	925.991	384.653	1
2140	0	11	926.121	385.033	1
2141	0	11	925.744	385.881	1
2142	0	11	926.002	386.141	1
2143	0	11	926.903	386.264	1
2144	0	11	927.165	385.225	1
2145	0	11	927.594	385.285	1
2146	0	11	927.485	384.892	1
2147	0	11	927.451	384.966	1
2148	0	11	927.876	384.986	1
2149	0	11	927.934	385.001	1
2150	0	11	928.031	385.156	1
2151	0	11	927.969	385.33	1
2152	0	11	928.252	385.418	1
2153	0	11	928.183	385.847	1
2154	0	11	928.704	385.206	1
2155	0	11	928.688	385.382	1
2156	0	11	927.638	385.597	1
2157	0	11	926.493	386.89	1
2158	0	11	926.009	387.036	1
2159	0	11	925.92	385.834	1
2160	0	11	925.192	386.008	1
2161	0	11	924.986	385.911	1
2162	0	11	924.721	385.606	1
2163	0	11	924.694	385.502	1
2164	0	11	924.15	385.863	1
2165	0	11	924.012	385.392	1
2166	0	11	924.176	385.512	1
2167	0	11	925.241	384.416	1
2168	0	11	925.308	384.429	1
2169	0	11	925.133	384.759	1
2170	0	11	925.657	385.096	1
2171	0	11	925.76	385.021	1
2172	0	11	926.162	384.948	1
2173	0	11	926.099	384.893	1
2174	0	11	926.258	385.339	1
2175	0	11	926.605	385.526	1
2176	0	11	926.652	385.552	1
2177	0	11	927.049	385.283	1
2178	0	11	927.222	385.548	1
2179	0	11	927.242	385.727	1
2180	0	11	927.884	385.599	1
2181	0	11	927.844	385.563	1
2182	0	11	928.034	385.684	1
2183	0	11	928.38	385.889	1
2184	0	11	928.579	385.911	1
2185	0	11	928.585	385.971	1
2186	0	11	928.615	385.997	1
2187	0	11	928.62	385.994	1
2188	0	11	928.617	385.994	1
2189	0	11	928.617	385.994	1
2190	0	11	928.582	385.963	1
2191	0	11	928.362	386.112	1
2192	0	11	928.113	386.23	1
2193	0	11	928.158	385.815	1
2194	0	11	927.871	385.483	1
2195	0	11	927.827	385.695	1
2196	0	11	927.831	385.466	1
2197	0	11	927.419	385.775	1
2198	0	11	927.058	386.028	1
2199	0	11	927.03	385.879	1
2200	0	11	926.937	385.714	1
2201	0	11	926.824	385.68	1
2202	0	11	926.795	385.814	1
2203	0	11	926.664	385.832	1
2204	0	11	926.611	385.656	1
2205	0	11	926.567	385.665	1
2206	0	11	926.462	385.724	1
2207	0	11	926.557	385.679	1
2208	0	11	926.394	386.062	1
2209	0	11	926.495	385.89	1
2210	0	11	926.683	385.614	1
2211	0	11	926.928	385.525	1
2212	0	11	927.073	385.568	1
2213	0	11	927.1	385.961	1
2214	0	11	927.093	385.813	1
2215	0	11	927.367	385.3	1
2216	0	11	927.673	385.793	1
2217	0	11	927.839	385.352	1
2218	0	11	927.927	385.478	1
2219	0	11	928.111	385.752	1
2220	0	11	928.19	385.782	1
2221	0	11	928.189	385.797	1
2222	0	11	928.21	385.823	1
2223	0	11	928.116	385.872	1
2224	0	11	928.09	385.86	1
2225	0	11	927.912	385.766	1
2226	0	11	927.965	385.744	1
2227	0	11	927.767	385.822	1
2228	0	11	927.894	385.475	1
2229	0	11	927.846	385.233	1
2230	0	11	927.673	384.951	1
2231	0	11	927.396	384.931	1
2232	0	11	927.384	385.053	1
2233	0	11	926.981	385.112	1
2234	0	11	926.542	385.156	1
2235	0	11	926.529	385.137	1
2236	0	11	926.559	385.036	1
2237	0	11	926.439	384.71	1
2238	0	11	926.385	384.774	1
2239	0	11	926.425	384.736	1
2240	0	11	926.245	384.803	1
2241	0	11	926.225	384.816	1
2242	0	11	926.237	384.811	1
2243	0	11	926.306	384.451	1
2244	0	11	926.426	384.694	1
2245	0	11	926.448	384.702	1
2246	0	11	926.475	384.552	1
2247	0	11	926.421	384.705	1
2248	0	11	926.535	384.821	1
2249	0	11	926.828	384.614	1
2250	0	11	926.925	384.388	1
2251	0	11	927.009	384.752	1
2252	0	11	927.313	385.137	1
2253	0	11	927.37	384.971	1
2254	0	11	927.403	384.914	1
2255	0	11	927.762	384.67	1
2256	0	11	927.683	384.965	1
2257	0	11	927.652	384.901	1
2258	0	11	927.687	385.042	1
2259	0	11	927.688	385.069	1
2260	0	11	927.686	385.057	1
2261	0	11	927.687	385.059	1
2262	0	11	927.59	385.107	1
2263	0	11	927.554	384.936	1
2264	0	11	927.558	385.027	1
2265	0	11	927.692	385.034	1
2266	0	11	927.461	385.131	1
2267	0	11	927.362	384.957	1
2268	0	11	927.148	384.314	1
2269	0	11	926.989	384.427	1
2270	0	11	926.789	385.101	1
2271	0	11	926.577	385.083	1
2272	0	11	926.369	384.879	1
2273	0	11	926.416	384.667	1
2274	0	11	926.395	384.559	1
2275	0	11	926.291	384.577	1
2276	0	11	926.284	384.583	1
2277	0	11	926.274	384.574	1
2278	0	11	926.183	384.639	1
2279	0	11	926.175	384.646	1
2280	0	11	926.181	384.642	1
2281	0	11	926.263	384.501	1
2282	0	11	926.3	384.621	1
2283	0	11	926.453	384.534	1
2284	0	11	926.446	384.547	1
2285	0	11	926.434	384.558	1
2286	0	11	926.627	384.79	1
2287	0	11	926.903	384.137	1
2288	0	11	927.043	384.44	1
2289	0	11	926.967	384.58	1
2290	0	11	927.094	384.533	1
2291	0	11	927.344	384.528	1
2292	0	11	927.492	384.614	1
2293	0	11	927.567	384.513	1
2294	0	11	927.652	384.457	1
2295	0	11	927.656	384.461	1
2296	0	11	927.652	384.462	1
2297	0	11	927.653	384.462	1
2298	0	11	927.653	384.462	1
2299	0	11	927.662	384.599	1
2300	0	11	927.647	384.406	1
2301	0	11	927.412	384.61	1
2302	0	11	927.352	384.764	1
2303	0	11	927.05	384.981	1
2304	0	11	926.84	384.965	1
2305	0	11	926.766	384.763	1
2306	0	11	926.563	385.144	1
2307	0	11	926.429	385.284	1
2308	0	11	926.287	385.275	1
2309	0	11	926.3	385.132	1
2310	0	11	926.165	384.716	1
2311	0	11	926.28	384.751	1
2312	0	11	926.029	384.698	1
2313	0	11	925.908	384.726	1
2314	0	11	925.919	384.736	1
2315	0	11	925.921	384.733	1
2316	0	11	925.92	384.733	1
2317	0	11	926.162	384.798	1
2318	0	11	926.314	384.704	1
2319	0	11	926.341	384.558	1
2320	0	11	926.238	384.795	1
2321	0	11	925.798	385.824	1
2322	0	11	926.293	385.729	1
2323	0	11	927.164	384.239	1
2324	0	11	926.894	384.703	1
2325	0	11	926.82	384.846	1
2326	0	11	927.471	384.223	1
2327	0	11	926.351	385.272	1
2328	0	11	926.198	385.414	1
2329	0	11	926.722	383.698	1
2330	0	11	926.446	384.689	1
2331	0	11	925.284	384.407	1
2332	0	11	926.575	383.146	1
2333	0	11	925.259	383.149	1
2334	0	11	923.773	383.513	1
2335	0	11	923.941	383.019	1
2336	0	11	923.133	381.702	1
2337	0	11	922.641	382.217	1
2338	0	11	923.857	382.528	1
2339	0	11	923.283	383.118	1
323	0	12	650.84	666.162	1
324	0	12	650.405	665.279	1
325	0	12	649.855	664.713	1
326	0	12	650.421	665.018	1
327	0	12	650.325	664.59	1
328	0	12	650.215	664.166	1
329	0	12	649.939	664.16	1
330	0	12	649.661	664.129	1
331	0	12	648.85	664.216	1
332	0	12	648.584	663.917	1
333	0	12	648.392	663.628	1
334	0	12	648.905	663.676	1
335	0	12	648.662	663.465	1
336	0	12	647.993	663.294	1
337	0	12	648.484	663.352	1
338	0	12	648.547	663.303	1
339	0	12	648.059	662.765	1
340	0	12	648.088	662.735	1
341	0	12	648.153	662.756	1
342	0	12	648.112	662.763	1
343	0	12	648.109	662.764	0
344	0	12	648.52	661.156	1
345	0	12	648.134	659.538	1
346	0	12	647.483	657.506	1
347	0	12	647.457	657.415	0
348	0	12	648.531	654.219	1
349	0	12	648.587	654.036	0
350	0	12	648.329	650.544	1
351	0	12	648.847	650.065	1
404	0	13	678.651	597.069	1
405	0	13	678.394	593.045	1
406	0	13	677.706	592.408	1
407	0	13	677.224	589.203	1
408	0	13	676.785	587.276	1
409	0	13	677.724	588.079	1
410	0	13	677.133	587.437	1
411	0	13	676.818	585.873	1
412	0	13	677.152	586.748	1
413	0	13	677.156	585.951	1
414	0	13	677.03	586.179	1
415	0	13	677.215	586.177	1
416	0	13	676.975	586.055	1
417	0	13	677.156	586.031	1
418	0	13	677.355	585.971	1
419	0	13	677.446	586.203	1
420	0	13	677.854	585.686	1
421	0	13	676.842	584.172	1
422	0	13	675.689	582.919	1
423	0	13	674.381	580.516	1
424	0	13	674.78	579.986	1
425	0	13	674.526	579.839	1
426	0	13	674.226	579.207	1
427	0	13	673.239	578.199	1
428	0	13	672.956	577.748	1
429	0	13	673.872	578.319	1
430	0	13	674.205	576.905	1
431	0	13	675.252	575.665	1
432	0	13	677.358	575.758	1
433	0	13	677.895	576.448	1
434	0	13	677.548	576.091	1
435	0	13	678.846	575.329	1
436	0	13	678.825	574.126	1
565	0	14	742.395	479.956	1
566	0	14	742.398	478.426	1
567	0	14	743.912	479.037	1
568	0	14	744.467	478.478	1
569	0	14	744.424	478.668	1
570	0	14	745.331	478.191	1
571	0	14	745.22	476.841	1
572	0	14	744.705	477.444	1
573	0	14	744.082	477.307	1
574	0	14	744.35	477.327	1
575	0	14	744.082	477.181	1
576	0	14	743.994	477.618	1
577	0	14	743.55	477.347	1
578	0	14	743	476.759	1
579	0	14	742.07	475.133	1
580	0	14	742.87	473.715	1
581	0	14	745.214	472.191	1
582	0	14	746.145	471.223	1
583	0	14	746.047	469.589	1
584	0	14	746.037	469.51	0
585	0	14	744.486	466.496	1
586	0	14	744.4	466.325	0
587	0	14	744.649	463.108	1
588	0	14	745.208	462.48	1
589	0	14	746.537	460.555	1
590	0	14	746.6	460.441	0
591	0	14	748.738	455.811	1
592	0	14	749.394	454.908	1
593	0	14	749.713	453.758	1
594	0	14	749.732	453.684	0
595	0	14	750.556	453.817	1
596	0	14	750.562	452.909	1
597	0	14	750.547	452.859	0
598	0	14	750.843	451.883	1
599	0	14	751.504	451.795	1
838	0	15	776.17	351.366	1
839	0	15	776.777	351.825	1
840	0	15	777.684	350.921	1
841	0	15	778.98	349.826	1
842	0	15	779.408	348.952	1
843	0	15	780.239	348.266	1
844	0	15	781.115	348.943	1
845	0	15	782.057	348.141	1
846	0	15	782.943	347.287	1
847	0	15	783.833	346.451	1
848	0	15	784.667	345.357	1
849	0	15	785.182	345.155	1
850	0	15	785.149	345.205	1
851	0	15	785.543	344.642	1
852	0	15	785.835	343.417	1
853	0	15	786.374	343.324	1
854	0	15	786.782	343.719	1
855	0	15	786.764	343.797	1
856	0	15	786.426	343.867	1
857	0	15	787.7	341.88	1
858	0	15	787.808	342.296	1
859	0	15	787.263	343.661	1
860	0	15	788.584	343.347	1
861	0	15	788.954	343.87	1
862	0	15	788.642	344.233	1
863	0	15	789.105	344.49	1
864	0	15	790.372	344.944	1
865	0	15	789.863	344.636	1
866	0	15	790.465	344.226	1
867	0	15	791.343	343.792	1
868	0	15	791.243	343.319	1
869	0	15	790.005	344.12	1
870	0	15	789.665	344.23	1
871	0	15	789.667	344.22	0
2173	0	16	1086	178.835	1
2174	0	16	1086.69	180.862	1
2175	0	16	1087.17	181.335	1
2176	0	16	1086.62	178.457	1
2177	0	16	1087.83	178.909	1
2178	0	16	1089.98	179.142	1
2179	0	16	1097.76	189.48	1
2180	0	16	1096.82	188.37	1
2181	0	16	1095.11	185.485	1
2182	0	16	1095.07	185.407	0
2183	0	16	1081.6	176.245	1
2184	0	16	1078.22	172.485	1
2185	0	16	1078.73	172.806	1
2186	0	16	1078.66	172.838	1
2187	0	16	1078.73	172.825	1
2188	0	16	1078.82	172.868	1
2189	0	16	1079.01	172.962	1
2190	0	16	1080.02	177.014	1
2191	0	16	1080.4	177.42	1
2192	0	16	1081.57	177.783	1
2193	0	16	1091	179.819	1
2194	0	16	1093.37	182.215	1
2195	0	16	1092.71	182.345	1
2196	0	16	1092.55	181.911	1
2197	0	16	1092.55	181.895	0
2198	0	16	1087.9	178.81	1
2199	0	16	1086.74	178.167	1
2200	0	16	1086.56	178.105	1
2201	0	16	1086.23	178.393	1
